     9.554140     2.689140
     9.693140     2.667100
     9.820550     2.634030
     9.913220     2.611990
     9.971130     2.595460
    10.063800     2.578920
    10.098500     2.573410
    10.191200     2.562390
    10.226000     2.562390
    10.272300     2.562390
    10.330200     2.562390
    10.411300     2.562390
    10.469200     2.562390
    10.538700     2.567900
    10.666100     2.567900
    10.689300     2.567900
    10.747200     2.573410
    10.782000     2.573410
    10.828300     2.578920
    10.886200     2.578920
    10.955700     2.578920
    11.048400     2.578920
    11.106300     2.578920
    11.152600     2.584430
    11.199000     2.600970
    11.245300     2.606480
    11.280000     2.623010
    11.303200     2.639540
    11.326400     2.650570
    11.361100     2.650570
    11.419000     2.661590
    11.476900     2.667100
    11.546400     2.661590
    11.604400     2.656080
    11.662300     2.645060
    11.697000     2.645060
    11.754900     2.639540
    11.801300     2.628520
    11.836000     2.623010
    11.870800     2.623010
    11.917100     2.623010
    11.951900     2.634030
    11.975000     2.634030
    12.009800     2.639540
    12.021400     2.645060
    12.056100     2.645060
    12.125600     2.645060
    12.160400     2.645060
    12.206700     2.623010
    12.241400     2.617500
    12.287800     2.611990
    12.357300     2.600970
    12.403600     2.595460
    12.426800     2.606480
    12.484700     2.606480
    12.542600     2.606480
    12.565800     2.595460
    12.646800     2.589940
    12.670000     2.584430
    12.716300     2.573410
    12.751100     2.567900
    12.785800     2.567900
    12.809000     2.567900
    12.855300     2.584430
    12.913300     2.600970
    12.948000     2.611990
    12.982800     2.617500
    13.029100     2.600970
    13.087000     2.595460
    13.133300     2.611990
    13.133300     2.611990
    13.179700     2.634030
    13.226000     2.656080
    13.272300     2.683630
    13.353400     2.656080
    13.388200     2.650570
    13.399800     2.656080
    13.469300     2.711190
    13.492400     2.744250
    13.550300     2.777320
    13.596700     2.799370
    13.643000     2.810390
    13.689300     2.832430
    13.735700     2.832430
    13.782000     2.843450
    13.828300     2.859990
    13.886200     2.871010
    13.944200     2.887540
    14.083200     2.975720
    14.106300     3.008790
    14.141100     3.036340
    14.164200     3.047360
    14.175800     3.080430
    14.187400     3.096960
    14.222200     3.130030
    14.268500     3.168610
    14.291700     3.179630
    14.314800     3.201670
    14.349600     3.229230
    14.395900     3.229230
    14.419100     3.234740
    14.477000     3.196160
    14.477000     3.218210
    14.534900     3.163100
    14.592800     3.113500
    14.592800     3.141050
    14.604400     3.080430
    14.650700     3.025320
    14.662300     2.937140
    14.662300     2.992250
    14.697100     2.893050
    14.708700     2.871010
    14.743400     2.821410
    14.755000     2.799370
    14.766600     2.771810
    14.801300     2.744250
    14.812900     2.727720
    14.870800     2.694650
    14.870800     2.700170
    14.905600     2.678120
    14.940300     2.656080
    14.975100     2.628520
    14.998200     2.623010
    15.009800     2.606480
    15.079300     2.578920
    15.114100     2.545860
    15.125600     2.512790
    15.148800     2.501770
    15.183600     2.479720
    15.206700     2.457680
    15.253100     2.430120
    15.299400     2.397060
    15.322600     2.375010
    15.368900     2.363990
    15.415200     2.363990
    15.450000     2.358480
    15.519500     2.391550
    15.531100     2.413590
    15.542600     2.446660
    15.565800     2.463190
    15.577400     2.490750
    15.600600     2.507280
    15.600600     2.529320
    15.658500     2.551370
    15.677600     2.566490
    15.704800     2.600970
    15.705200     2.600710
    15.741900     2.628080
    15.751100     2.634030
    15.787900     2.662300
    15.797500     2.661590
    15.843800     2.705680
    15.861400     2.703370
    15.901700     2.727720
    15.935000     2.737590
    15.959600     2.749770
    15.990100     2.758120
    16.017600     2.760790
    16.054400     2.771810
    16.063900     2.760790
    16.082000     2.771810
    16.121800     2.744250
    16.146300     2.751280
    16.168100     2.733230
    16.183100     2.723900
    16.202900     2.711190
    16.238200     2.703370
    16.249200     2.689140
    16.284000     2.678120
    16.284200     2.682840
    16.330300     2.683630
    16.339300     2.682840
    16.365000     2.683630
    16.394500     2.682840
    16.434500     2.678120
    16.446100     2.672610
    16.477200     2.669150
    16.480900     2.661590
    16.515600     2.650570
    16.559900     2.648620
    16.585100     2.650570
    16.605900     2.641770
    16.619900     2.645060
    16.651800     2.641770
    16.654600     2.645060
    16.677800     2.661590
    16.697800     2.669150
    16.712500     2.661590
    16.735700     2.694650
    16.762100     2.696530
    16.826500     2.696530
    16.909200     2.696530
    16.991900     2.696530
    17.083800     2.723900
    17.138900     2.744430
    17.184900     2.758120
    17.286000     2.785500
    17.341100     2.819720
    17.405500     2.881310
    17.442200     2.922380
    17.469800     2.997660
    17.506600     3.052420
    17.589300     3.155080
    17.626000     3.216670
    17.653600     3.230360
    17.708800     3.305650
    17.883400     3.490440
    17.947700     3.558880
    18.021200     3.654700
    18.113100     3.764200
    18.159100     3.832640
    18.214200     3.914770
    18.232600     3.948990
    18.269400     3.969520
    18.297000     4.031120
    18.324500     4.092720
    18.379700     4.161160
    18.462400     4.263820
    18.490000     4.318570
    18.508300     4.380170
    18.535900     4.441760
    18.591100     4.517050
    18.637000     4.578650
    18.655400     4.599180
    18.738100     4.612870
    18.793300     4.612870
    18.848400     4.599180
    18.977100     4.558110
    19.023000     4.489670
    19.096500     4.400700
    19.243600     4.215910
    19.335500     4.044810
    19.363100     3.955830
    19.399800     3.880550
    19.445800     3.818950
    19.491700     3.764200
    19.528500     3.709450
    19.556100     3.688920
    19.602000     3.634160
    19.620400     3.599940
    19.703100     3.531500
    19.721500     3.517810
    19.785900     3.476750
    19.804200     3.442530
    19.859400     3.408310
    19.896100     3.374090
    19.969700     3.319340
    20.107500     3.230360
    20.190200     3.189300
    20.254600     3.161920
    20.309700     3.134550
    20.355700     3.114010
    20.420000     3.086640
    20.438400     3.072950
    20.484300     3.052420
    20.548700     3.038730
    20.594600     2.997660
    20.668200     2.970290
    20.732500     2.949760
    20.778400     2.908690
    20.806000     2.881310
    20.833600     2.867630
    20.897900     2.840250
    20.953100     2.812870
    20.999000     2.778650
    21.045000     2.758120
    21.127700     2.744430
    21.173600     2.737590
    21.507100     2.965850
    21.589100     3.026730
    21.626000     3.052100
    21.691600     3.107910
    21.744900     3.148490
    21.818700     3.194150
    21.884300     3.234740
    21.974500     3.300690
    22.027800     3.336210
    22.105700     3.366650
    22.134300     3.386940
    22.171200     3.407230
    22.224500     3.432600
    22.294200     3.437670
    22.339300     3.452890
    22.388500     3.473190
    22.413100     3.473190
    22.478700     3.498550
    22.523800     3.518850
    22.581200     3.539140
    22.614000     3.549290
    22.675500     3.564510
    22.712400     3.569580
    22.790200     3.579730
    22.855800     3.564510
    22.884500     3.559440
    22.958300     3.589880
    23.036200     3.625390
    23.077200     3.640610
    23.122300     3.625390
    23.220700     3.625390
    23.347700     3.737000
    23.392800     3.792810
    23.511700     3.858760
    23.593700     3.848620
    23.647000     3.848620
    23.712600     3.894280
    23.757700     3.914570
    23.876600     4.005890
    23.938100     4.046480
    24.093800     4.229120
    24.155300     4.279850
    24.212700     4.340730
    24.270100     4.381320
    24.323400     4.396540
    24.421800     4.437130
    24.512000     4.472640
    24.610300     4.492940
    24.647200     4.503080
    24.979300     4.645140
    25.135100     4.665430
    25.274400     4.695870
    25.352300     4.726310
    25.422000     4.756750
    25.586000     4.766900
    25.717200     4.771970
    25.836000     4.787190
    25.872900     4.787190
    25.934400     4.792260
