2.68914  9.55414
2.6671  9.69314
2.63403  9.82055
2.61199  9.91322
2.59546  9.97113
2.57892  10.0638
2.57341  10.0985
2.56239  10.1912
2.56239  10.226
2.56239  10.2723
2.56239  10.3302
2.56239  10.4113
2.56239  10.4692
2.5679  10.5387
2.5679  10.6661
2.5679  10.6893
2.57341  10.7472
2.57341  10.782
2.57892  10.8283
2.57892  10.8862
2.57892  10.9557
2.57892  11.0484
2.57892  11.1063
2.58443  11.1526
2.60097  11.199
2.60648  11.2453
2.62301  11.28
2.63954  11.3032
2.65057  11.3264
2.65057  11.3611
2.66159  11.419
2.6671  11.4769
2.66159  11.5464
2.65608  11.6044
2.64506  11.6623
2.64506  11.697
2.63954  11.7549
2.62852  11.8013
2.62301  11.836
2.62301  11.8708
2.62301  11.9171
2.63403  11.9519
2.63403  11.975
2.63954  12.0098
2.64506  12.0214
2.64506  12.0561
2.64506  12.1256
2.64506  12.1604
2.62301  12.2067
2.6175  12.2414
2.61199  12.2878
2.60097  12.3573
2.59546  12.4036
2.60648  12.4268
2.60648  12.4847
2.60648  12.5426
2.59546  12.5658
2.58994  12.6468
2.58443  12.67
2.57341  12.7163
2.5679  12.7511
2.5679  12.7858
2.5679  12.809
2.58443  12.8553
2.60097  12.9133
2.61199  12.948
2.6175  12.9828
2.60097  13.0291
2.59546  13.087
2.61199  13.1333
2.61199  13.1333
2.63403  13.1797
2.65608  13.226
2.68363  13.2723
2.65608  13.3534
2.65608  13.3998
2.71119  13.4693
2.74425  13.4924
2.77732  13.5503
2.79937  13.5967
2.81039  13.643
2.83243  13.6893
2.83243  13.7357
2.84345  13.782
2.85999  13.8283
2.87101  13.8862
2.88754  13.9442
2.65057  13.3882
2.97572  14.0832
3.00879  14.1063
3.03634  14.1411
3.04736  14.1642
3.08043  14.1758
3.09696  14.1874
3.13003  14.2222
3.16861  14.2685
3.17963  14.2917
3.20167  14.3148
3.22923  14.3496
3.22923  14.3959
3.23474  14.4191
3.21821  14.477
3.19616  14.477
3.1631  14.5349
3.14105  14.5928
3.1135  14.5928
3.08043  14.6044
3.02532  14.6507
2.99225  14.6623
2.93714  14.6623
2.89305  14.6971
2.87101  14.7087
2.82141  14.7434
2.79937  14.755
2.77181  14.7666
2.74425  14.8013
2.72772  14.8129
2.70017  14.8708
2.69465  14.8708
2.67812  14.9056
2.65608  14.9403
2.62852  14.9751
2.62301  14.9982
2.60648  15.0098
2.57892  15.0793
2.54586  15.1141
2.51279  15.1256
2.50177  15.1488
2.47972  15.1836
2.45768  15.2067
2.43012  15.2531
2.39706  15.2994
2.37501  15.3226
2.36399  15.3689
2.36399  15.4152
2.35848  15.45
2.39155  15.5195
2.41359  15.5311
2.44666  15.5426
2.46319  15.5658
2.49075  15.5774
2.50728  15.6006
2.52932  15.6006
2.55137  15.6585
2.60097  15.7048
2.63403  15.7511
2.66159  15.7975
2.70568  15.8438
2.72772  15.9017
2.74977  15.9596
2.76079  16.0176
2.76079  16.0639
2.74425  16.1218
2.73323  16.1681
2.71119  16.2029
2.68914  16.2492
2.67812  16.284
2.68363  16.3303
2.68363  16.365
2.67812  16.4345
2.67261  16.4461
2.66159  16.4809
2.65057  16.5156
2.65057  16.5851
2.64506  16.6199
2.64506  16.6546
2.66159  16.6778
2.66159  16.7125
2.69465  16.7357
2.56649  15.6776
2.60071  15.7052
2.62808  15.7419
2.6623  15.7879
2.70337  15.8614
2.73759  15.935
2.75812  15.9901
2.77181  16.0544
2.77181  16.082
2.75128  16.1463
2.7239  16.1831
2.70337  16.2382
2.68284  16.2842
2.68284  16.3393
2.68284  16.3945
2.66915  16.4772
2.64862  16.5599
2.64177  16.6059
2.64177  16.6518
2.66915  16.6978
2.69653  16.7621
2.69653  16.8265
2.69653  16.9092
2.69653  16.9919
2.7239  17.0838
2.74443  17.1389
2.75812  17.1849
2.7855  17.286
2.81972  17.3411
2.88131  17.4055
2.92238  17.4422
2.99766  17.4698
3.05242  17.5066
3.15508  17.5893
3.21667  17.626
3.23036  17.6536
3.30565  17.7088
3.49044  17.8834
3.55888  17.9477
3.6547  18.0212
3.7642  18.1131
3.83264  18.1591
3.91477  18.2142
3.94899  18.2326
3.96952  18.2694
4.03112  18.297
4.09272  18.3245
4.16116  18.3797
4.26382  18.4624
4.31857  18.49
4.38017  18.5083
4.44176  18.5359
4.51705  18.5911
4.57865  18.637
4.59918  18.6554
4.61287  18.7381
4.61287  18.7933
4.59918  18.8484
4.55811  18.9771
4.48967  19.023
4.4007  19.0965
4.21591  19.2436
4.04481  19.3355
3.95583  19.3631
3.88055  19.3998
3.81895  19.4458
3.7642  19.4917
3.70945  19.5285
3.68892  19.5561
3.63416  19.602
3.59994  19.6204
3.5315  19.7031
3.51781  19.7215
3.47675  19.7859
3.44253  19.8042
3.40831  19.8594
3.37409  19.8961
3.31934  19.9697
3.23036  20.1075
3.1893  20.1902
3.16192  20.2546
3.13455  20.3097
3.11401  20.3557
3.08664  20.42
3.07295  20.4384
3.05242  20.4843
3.03873  20.5487
2.99766  20.5946
2.97029  20.6682
2.94976  20.7325
2.90869  20.7784
2.88131  20.806
2.86763  20.8336
2.84025  20.8979
2.81287  20.9531
2.77865  20.999
2.75812  21.045
2.74443  21.1277
2.73759  21.1736
2.96585  21.5071
3.02673  21.5891
3.0521  21.626
3.10791  21.6916
3.14849  21.7449
3.19415  21.8187
3.23474  21.8843
3.30069  21.9745
3.33621  22.0278
3.36665  22.1057
3.38694  22.1343
3.40723  22.1712
3.4326  22.2245
3.43767  22.2942
3.45289  22.3393
3.47319  22.3885
3.47319  22.4131
3.49855  22.4787
3.51885  22.5238
3.53914  22.5812
3.54929  22.614
3.56451  22.6755
3.56958  22.7124
3.57973  22.7902
3.56451  22.8558
3.55944  22.8845
3.58988  22.9583
3.62539  23.0362
3.64061  23.0772
3.62539  23.1223
3.62539  23.2207
3.737  23.3477
3.79281  23.3928
3.85876  23.5117
3.84862  23.5937
3.84862  23.647
3.89428  23.7126
3.91457  23.7577
4.00589  23.8766
4.04648  23.9381
4.22912  24.0938
4.27985  24.1553
4.34073  24.2127
4.38132  24.2701
4.39654  24.3234
4.43713  24.4218
4.47264  24.512
4.49294  24.6103
4.50308  24.6472
4.64514  24.9793
4.66543  25.1351
4.69587  25.2744
4.72631  25.3523
4.75675  25.422
4.7669  25.586
4.77197  25.7172
4.78719  25.836
4.78719  25.8729
4.79226  25.9344
