4059.33
4072.04
4171.29
4198.29
4229.56
4237.29
4237.29
4237.29
4237.29
4237.29
4237.29
4237.29
4237.29
4237.29
4237.29
4237.29
4237.29
4237.29
4237.29
4237.29
4237.29
4237.29
4237.29
4237.29
4237.29
4237.29
4229.56
4171.29
4104.82
4029.55
4029.55
4029.55
4023.58
4018.13
4009.87
4002.13
3998.21
3993.40
3979.49
3952.68
3946.53
3907.62
3878.48
3871.89
3808.59
3771.92
3761.22
3737.40
3730.21
3727.34
3727.23
3727.23
3727.23
3727.23
3727.23
3727.23
3727.23
3727.23
3720.83
3709.44
3706.87
3696.49
3688.28
3688.28
3688.28
3688.28
3696.49
3706.87
3709.44
3720.83
3727.23
3727.34
3730.21
3737.40
3761.22
3763.12
3803.23
3808.59
3871.89
3885.16
3885.16
3885.16
3885.16
3885.16
3991.27
4022.60
4062.74
4099.99
4107.06
4121.97
4149.78
4205.74
4216.65
4218.08
4262.40
4278.70
4440.24
4458.16
4469.91
4474.89
4478.22
4519.18
4548.74
4640.58
4652.74
4652.74
4652.74
4674.83
4694.98
4704.65
4739.22
4750.20
4766.70
4813.69
4828.87
4830.98
4871.10
4889.10
4893.15
4905.12
4988.09
5019.14
5019.14
5019.14
5019.14
5019.14
5019.14
5019.14
5019.14
5019.14
5019.14
5019.14
5019.14
5019.14
5019.14
5019.14
5019.14
5019.14
5019.14
5019.14
5023.16
5028.19
5046.51
5046.51
5046.51
5046.51
5046.51
5042.93
5028.19
5023.16
5019.14
5014.57
5008.88
5004.96
5000.84
4999.21
4987.27
4984.49
4983.40
4968.06
4948.41
4927.21
4914.15
4897.88
4890.22
4841.95
4820.97
4820.28
4814.06
4778.20
4767.47
4702.92
4652.80
4593.05
4553.78
4514.95
4448.78
4448.78
4448.78
4446.92
4444.22
4433.91
4400.53
4362.09
4202.69
4016.35
4012.78
4012.78
4012.78
4012.78
4012.78
4012.78
3990.85
3973.79
3943.72
3904.02
3904.02
3904.02
3904.02
3904.02
3904.02
3904.02
3904.02
3904.02
3904.02
3904.02
3904.02
3904.02
3904.02
3904.02
3904.02
3925.06
3943.72
3973.79
3990.85
4012.78
4016.35
4067.98
4085.60
4091.93
4132.70
4143.84
4164.78
4167.69
4183.72
4183.72
4183.72
4183.72
4183.72
4183.72
4183.72
4183.72
4183.72
4183.72
4183.72
4183.72
4183.72
4183.72
4183.72
4183.72
4164.78
4143.84
4143.84
4143.84
4143.84
4143.84
4143.84
4143.84
4091.93
4085.60
3926.77
3763.55
3732.99
3729.48
3719.12
3719.12
3719.12
3719.12
3719.12
3719.12
3719.12
3716.81
3714.91
3712.40
3709.56
3689.79
3683.53
3677.52
3673.66
3668.50
3666.92
3663.07
3657.45
3656.82
3649.54
3649.25
3637.19
3634.82
3625.82
3625.75
3617.25
3617.25
3617.25
3625.75
3625.82
3634.82
3637.19
3637.19
3637.19
3649.25
3650.22
3652.36
3656.82
3657.45
3657.45
3652.36
3652.36
3652.36
3652.36
3650.22
3637.19
3636.71
3628.37
3628.37
3628.37
3628.37
3628.37
3628.37
3628.37
3628.37
3628.37
3628.37
3628.37
3628.37
3628.37
3636.71
3636.71
3636.71
3636.71
3636.71
3636.71
3636.71
3636.71
3636.71
3636.71
3636.71
3636.71
3636.71
3636.71
3636.71
3636.71
3636.71
3628.37
3622.24
3602.03
3589.44
3589.44
3587.92
3585.17
3562.15
3547.10
3546.63
3546.05
3539.04
3532.36
3525.11
3523.25
3517.38
3502.86
3502.86
3517.38
3524.50
3525.11
3525.11
3525.11
3525.11
3525.11
3525.11
3525.11
3524.50
3517.38
3472.23
3464.49
3455.81
3450.45
3444.92
3434.49
3428.52
3428.52
3428.52
3428.52
3428.52
3428.52
3428.52
3428.52
3428.52
3428.52
3434.49
3472.23
3517.38
3524.50
3545.11
3546.63
3587.92
3591.28
3628.33
3654.03
3673.77
3705.00
3785.78
3792.26
3855.83
3875.15
3910.79
3924.42
4185.97
4189.23
4217.06
4256.10
4257.91
4288.05
4307.48
4336.35
4356.84
4372.62
4394.18
4476.66
4504.52
4602.91
4630.85
4697.14
4797.38
4870.64
4883.85
4921.99
4921.99
4921.99
4921.99
4921.99
4921.99
4921.99
4921.99
4921.99
4921.99
4926.82
4926.82
4926.82
4926.82
4926.82
4925.12
4923.68
4923.68
4921.99
4921.99
4921.99
4921.99
4921.99
4921.99
4921.99
4921.99
4921.99
4921.99
4921.99
4921.99
4921.99
4921.99
4921.99
4921.99
4911.59
4906.27
4897.70
4892.28
4883.81
4874.94
4872.91
4853.41
4837.56
4833.51
4829.97
4826.17
4825.12
4716.62
4593.11
4589.84
4568.13
4551.62
4500.26
4484.07
4453.16
4435.62
4395.15
4377.98
4356.71
4324.58
4319.81
4284.90
4282.85
4273.93
4270.93
4270.93
4270.93
4270.93
4270.93
4270.93
4270.93
4267.42
4260.34
4253.13
4246.49
4246.49
4246.49
4246.49
4249.81
4249.81
4246.19
4242.38
4242.38
4242.38
4242.38
4240.37
4238.72
4237.38
4236.54
4236.35
4236.32
4235.91
4235.91
4235.91
4235.91
4235.91
4235.91
4235.91
4232.84
4232.72
4231.56
4229.00
4229.00
4229.00
4229.00
4229.00
4229.00
4229.00
4231.56
4232.72
4235.91
4235.91
4235.91
4235.91
4231.56
4228.52
4228.49
4228.49
4228.49
4228.49
4228.49
4227.62
4226.25
4224.95
4221.89
4219.40
4217.16
4213.33
4213.14
4213.14
4213.14
4213.14
4213.14
4213.14
4213.14
4213.14
4213.14
4213.14
4213.33
4217.16
4217.16
4217.16
4217.16
4205.57
4205.57
4205.57
4205.57
4205.57
4205.57
4219.40
4219.40
4219.40
4219.40
4219.40
4224.68
4235.95
4244.71
4250.22
4254.25
4254.25
4254.25
4254.25
4254.25
4282.51
4291.42
4291.42
4291.42
4291.42
4291.42
4282.51
4254.25
4254.25
4318.21
4389.12
4399.51
4449.74
4463.45
4479.45
4489.91
4520.27
4521.78
4524.94
4529.87
4524.94
4521.78
4520.27
4479.45
4463.45
4449.74
4399.51
4318.21
4318.21
4318.21
4318.21
4318.21
4318.21
4318.21
4318.21
4318.21
4318.21
4409.58
4409.58
4409.58
4409.58
4409.58
4409.58
4255.68
4252.82
4182.98
4182.74
4182.74
4182.74
4182.74
4182.74
4181.95
4159.55
4087.92
4087.92
4127.29
4159.55
4181.95
4182.98
4181.95
4159.55
4127.29
4090.82
4087.92
4053.65
4032.27
3999.81
3969.66
3969.66
3969.66
3969.66
3969.66
3999.81
4032.27
4053.65
4087.92
4090.82
4127.29
4127.29
4127.29
4131.84
4145.84
4159.55
4159.55
4159.55
4159.55
4159.55
4159.55
4159.55
4181.95
4181.95
4181.95
4181.95
4181.95
4181.95
4181.95
4181.95
4145.84
4145.84
4145.84
4145.84
4145.84
4204.08
4230.23
4230.23
4230.23
4230.23
4230.23
4230.23
4245.50
4245.50
4245.50
4245.50
4245.50
4245.50
4245.50
4245.50
4245.50
4245.50
4245.50
4244.47
4239.38
4230.23
4223.28
4223.28
4223.28
4223.28
4223.28
4223.28
4239.38
4244.47
4245.50
4245.50
4245.50
4245.50
4245.50
4245.50
4245.50
4245.50
4245.50
4245.50
4281.75
4283.92
4285.70
4326.36
4326.36
4326.36
4331.79
4333.15
4334.87
4334.87
4334.87
4334.87
4334.87
4349.97
4387.31
4388.07
4425.71
4435.53
4435.53
4435.53
4435.53
4435.53
4435.53
4435.53
4435.53
4435.53
4435.53
4435.53
4435.53
4435.53
4435.53
4472.82
4487.61
4494.85
4543.90
4558.34
4561.14
4561.14
4561.14
4558.34
4515.53
4494.85
4494.85
4494.85
4494.85
4494.85
4487.61
4472.82
4400.23
4388.07
4388.07
4388.07
4388.07
4388.07
4400.23
4421.03
4421.03
4421.03
4400.23
4400.23
4400.23
4400.23
4400.23
4400.23
4337.59
4295.69
4294.73
4282.83
4276.55
4266.25
4266.25
4266.25
4266.25
4266.25
4266.25
4266.25
4266.25
4276.55
4282.83
4294.73
4295.69
4400.23
4400.23
4400.23
4400.23
4400.23
4307.98
4295.69
4282.83
4276.55
4266.25
4258.94
4241.73
4241.73
4241.73
4241.73
4241.73
4241.73
4251.50
4258.94
4266.25
4266.25
4266.25
4266.25
4266.25
4266.25
4266.25
4266.25
4282.83
4307.98
4307.98
4307.98
4307.98
4307.98
4307.98
4327.63
4327.63
4327.63
4327.63
4327.63
4327.63
4327.63
4536.90
4568.91
4599.12
4616.10
4782.31
4797.48
4797.48
4782.31
4612.66
4599.12
4568.91
4536.90
4411.87
4327.63
4307.98
4274.52
4327.63
4331.13
4356.68
4361.61
4370.39
4408.00
4411.87
4474.87
4536.90
4575.32
4599.12
4612.66
4612.66
4612.66
4612.66
4612.66
4599.12
4575.32
4536.90
4474.87
4411.87
4408.00
4370.39
4361.61
4356.68
4331.13
4327.63
4274.52
4268.97
4274.52
4331.13
4356.68
4359.09
4361.61
4370.39
4370.39
4370.39
4370.39
4370.39
4370.39
4370.39
4370.39
4370.39
4408.00
4474.87
4477.52
4501.59
4523.86
4526.97
4552.32
4575.32
4575.32
4575.32
4575.32
4575.32
4575.32
4584.28
4594.98
4594.98
4594.98
4594.98
4594.98
4594.98
4594.98
4594.98
4594.98
4594.98
4608.65
4620.06
4624.81
4635.32
4655.39
4720.48
4724.22
4741.60
4835.05
4840.63
4889.09
4889.09
4889.09
4889.09
4889.09
4889.09
4889.09
4889.09
4889.09
4880.04
4874.52
4865.93
4846.00
4835.05
4833.40
4817.77
4817.77
4817.77
4817.77
4817.77
4817.77
4833.40
4835.05
4846.00
4859.68
4865.93
4874.52
4874.52
4874.52
4874.52
4874.52
4874.52
4874.52
4868.23
4865.93
4862.71
4859.68
4853.72
4846.00
4833.40
4823.34
4817.77
4809.00
4804.51
4799.29
4793.50
4793.50
4793.50
4793.50
4793.50
4793.50
4792.05
4785.12
4783.90
4783.90
4783.90
4783.90
4783.90
4783.90
4783.90
4783.90
4785.12
4792.05
4809.00
4823.34
4828.95
4851.28
4853.72
4858.58
4859.68
4862.71
4868.23
4875.70
4875.70
4875.70
4875.70
4875.70
4876.40
4887.41
4887.41
4887.41
4887.41
4887.41
4887.41
4887.41
4887.41
4887.41
4887.41
4887.41
4887.41
4887.93
4890.80
4892.21
4892.85
4892.85
4892.85
4892.85
4892.95
4892.95
4892.95
4892.95
4895.12
4898.58
4900.95
4905.76
4906.89
4906.89
4906.89
4906.89
4906.89
4906.89
4905.76
4905.76
4905.76
4900.95
4898.58
4895.12
4892.95
4892.85
4892.21
4887.93
4887.82
4887.41
4881.52
4880.63
4878.28
4876.17
4873.15
4858.59
4854.50
4854.50
4854.50
4854.50
4854.50
4880.63
4881.52
4887.82
4887.82
4887.82
4887.82
4887.82
4881.52
4880.63
4841.94
4830.55
4817.63
4813.36
4808.54
4794.82
4724.43
4675.13
4675.13
4675.13
4675.13
4675.13
4675.13
4675.13
4675.13
4669.88
4663.03
4663.03
4659.87
4650.54
4650.54
4650.54
4650.54
4659.87
4659.87
4650.54
4601.13
4574.47
4574.47
4574.47
4601.13
4650.54
4659.87
4663.03
4663.03
4663.03
4659.87
4650.54
4601.13
4574.47
4559.24
4515.51
4515.51
4515.51
4512.06
4501.27
4501.27
4501.27
4501.27
4478.03
4438.95
4402.41
4402.41
4402.41
4402.41
4438.95
4478.03
4512.06
4512.06
4512.06
4512.06
4512.06
4512.06
4512.06
4512.06
4512.06
4512.06
4515.51
4574.47
4626.65
4643.57
4665.00
4720.45
4803.73
4803.73
4803.73
4803.73
4803.73
4803.73
4803.73
4803.73
4803.73
4721.02
4665.00
4655.61
4655.61
4655.61
4655.61
4655.61
4655.61
4655.61
4655.61
4655.61
4655.61
4655.61
4655.61
4655.61
4655.61
4655.61
4655.61
4655.61
4655.61
4655.61
4615.80
4606.04
4597.19
4597.19
4597.19
4597.19
4597.19
4597.19
4597.19
4597.19
4597.19
4597.19
4597.19
4597.19
4596.17
4593.67
4592.17
4586.90
4529.22
4457.53
4446.77
4393.64
4373.48
4370.43
4370.43
4370.43
4370.43
4370.43
4370.43
4370.43
4370.43
4358.76
4350.73
4340.36
4337.80
4325.89
4325.89
4325.89
4308.86
4308.09
4308.09
4308.09
4308.86
4340.36
4358.76
4394.14
4446.77
4502.24
4536.25
4563.99
4592.17
4592.17
4592.17
4586.09
4563.99
4536.25
4502.24
4394.14
4394.14
4394.14
4394.14
4394.14
4358.76
4308.86
4308.09
4306.69
4306.69
4306.69
4308.09
4308.86
4394.14
4428.99
4428.99
4428.99
4428.99
4428.99
4347.71
4347.71
4347.71
4347.71
4347.71
4332.67
4332.67
4347.71
4370.34
4400.85
4428.99
4451.04
4509.92
4523.48
4535.01
4535.01
4535.01
4535.01
4535.01
4535.01
4523.48
4509.92
4475.83
4451.04
4428.99
4400.85
4370.34
4400.85
4428.99
4451.04
4475.83
4509.92
4523.48
4523.48
4522.59
4509.92
4475.83
4475.83
4475.83
4475.83
4475.83
4475.83
4509.92
4522.59
4522.59
4509.92
4475.83
4475.83
4475.83
4475.83
4475.83
4509.92
4522.59
4522.59
4522.59
4537.60
4546.92
4595.90
4679.52
4679.52
4679.52
4679.52
4679.52
4679.52
4679.52
4679.52
4679.52
4679.52
4679.52
4679.52
4679.52
4768.27
4852.09
4905.46
4906.75
4906.75
4906.75
4906.75
4906.75
4905.46
4893.47
4887.58
4878.54
4878.54
4887.58
4893.47
4905.46
4906.75
4915.41
4924.12
4924.12
4924.12
4924.12
4924.12
4924.12
4924.12
4924.12
4924.12
4924.12
4924.12
4924.12
4924.12
4924.12
4915.41
4906.75
4905.46
4893.47
4887.58
4878.54
4869.62
4862.67
4846.22
4837.73
4831.04
4824.08
4781.21
4781.21
4781.21
4781.21
4781.21
4777.79
4695.96
4596.06
4596.06
4596.06
4596.06
4596.06
4596.06
4596.06
4596.06
4596.06
4596.06
4596.06
4596.06
4596.06
4596.06
4596.06
4596.06
4590.42
4581.72
4566.70
4546.81
4546.81
4546.81
4546.81
4546.81
4546.81
4546.81
4546.81
4546.81
4456.00
4362.60
4351.38
4351.38
4351.38
4351.38
4351.38
4351.38
4362.60
4393.16
4546.81
4566.70
4581.72
4647.82
4663.66
4663.66
4647.82
4581.72
4566.70
4552.42
4393.16
4351.38
4351.38
4351.38
4351.38
4351.38
4351.38
4351.38
4351.38
4351.38
4351.38
4351.38
4351.38
4351.38
4351.38
4351.38
4351.38
4351.38
4351.38
4367.76
4393.16
4552.42
4633.22
4633.22
4633.22
4633.62
4654.63
4659.76
4711.10
4719.56
4724.92
4747.11
4754.65
4792.16
4792.16
4792.16
4792.16
4792.16
4792.16
4792.16
4792.16
4779.68
4758.75
4754.65
4747.11
4747.11
4754.65
4758.75
4779.68
4792.16
4797.75
4810.20
4812.54
4812.54
4812.54
4812.54
4810.20
4797.75
4792.16
4779.68
4762.46
4762.46
4762.46
4762.46
4762.46
4762.46
4762.46
4762.46
4762.46
4762.46
4761.94
4758.75
4758.75
4758.75
4761.94
4762.46
4766.42
4766.42
4766.42
4766.42
4762.46
4761.94
4758.75
4751.44
4744.71
4735.29
4712.42
4696.51
4696.51
4696.51
4712.42
4744.71
4751.44
4761.94
4762.46
4766.42
4762.46
4761.94
4751.44
4712.42
4696.51
4695.86
4680.54
4673.66
4664.88
4654.17
4654.17
4654.17
4654.17
4577.78
4561.13
4527.68
4495.96
4483.57
4483.57
4483.57
4483.57
4483.57
4483.57
4483.57
4483.57
4483.57
4483.57
4483.57
4483.57
4483.57
4405.92
4303.14
4271.84
4271.84
4303.14
4304.88
4405.92
4483.57
4495.96
4561.13
4577.78
4607.23
4695.86
4725.06
4802.62
4802.62
4802.62
4802.62
4802.62
4802.62
4802.62
4817.12
4817.12
4817.12
4817.12
4817.12
4817.12
4817.12
4817.12
4817.12
4817.12
4817.12
4823.92
4832.87
4833.99
4872.23
4875.48
4875.48
4875.48
4875.48
4872.23
4833.99
4832.87
4823.92
4817.12
4802.62
4802.62
4817.12
4823.92
4823.92
4872.23
4875.48
4875.48
4875.48
4875.48
4875.48
4875.48
4872.23
4732.57
4696.67
4696.67
4696.67
4696.67
4696.67
4696.67
4696.67
4696.67
4694.09
4692.68
4656.51
4636.62
4577.74
4561.88
4458.70
4458.70
4458.70
4458.70
4458.70
4458.70
4458.70
4458.70
4458.70
4429.44
4416.00
4393.32
4366.81
4360.13
4358.77
4354.63
4310.39
4310.39
4310.39
4310.39
4310.39
4310.39
4288.28
4269.76
4114.67
4073.33
3892.82
3885.94
3859.00
3859.00
3859.00
3859.00
3859.00
3892.82
4005.53
4005.53
4005.53
4005.53
4005.53
4005.53
4005.53
4005.53
4005.53
4005.53
4005.53
4005.53
4005.53
4005.53
4005.53
4005.53
4005.53
4005.53
3859.00
3840.98
3836.73
3742.49
3742.49
3742.49
3742.49
3836.73
3840.98
3916.18
4005.53
4309.02
4309.63
4338.13
4361.31
4399.73
4400.75
4501.51
4508.89
4508.89
4508.89
4508.89
4508.89
4508.89
4508.89
4508.89
4508.89
4508.89
4508.89
4508.89
4501.51
4474.70
4474.70
4474.70
4474.70
4474.70
4501.51
4507.06
4531.99
4556.40
4558.00
4558.00
4558.00
4558.00
4558.00
4558.00
4558.00
4558.00
4558.00
4558.00
4558.00
4558.00
4558.00
4558.00
4558.00
4558.00
4583.15
4584.05
4590.60
4599.33
4599.33
4599.33
4599.33
4599.33
4599.33
4590.60
4584.05
4583.15
4558.00
4583.15
4590.60
4599.33
4602.17
4608.45
4623.16
4623.46
4630.72
4632.71
4632.71
4632.71
4632.71
4632.71
4632.71
4632.71
4632.71
4632.71
4632.71
4632.71
4630.72
4623.16
4602.17
4590.60
4583.15
4546.49
4512.58
4478.00
4454.42
4454.42
4454.42
4452.46
4442.26
4435.21
4426.16
4426.16
4426.16
4426.16
4386.88
4385.28
4320.96
4318.44
4297.16
4294.81
4270.87
4264.54
4178.66
4114.10
4089.04
4036.14
4016.83
4013.96
4013.96
4013.96
4013.96
4013.96
4013.96
4013.96
4013.96
4013.96
4013.96
4013.96
4013.96
4013.96
3980.73
3957.82
3954.89
3954.89
3954.89
3957.82
3980.73
4013.96
4014.13
4014.13
4014.13
4016.83
4048.15
4016.83
4014.13
3957.82
3946.31
3944.45
3937.38
3937.38
3937.38
3944.45
3946.31
3957.82
4014.13
4048.15
4048.15
4048.15
4048.15
4048.15
4048.15
4048.15
4048.15
4048.15
4049.86
4068.15
4072.68
4076.39
4080.99
4100.46
4124.28
4175.74
4190.19
4190.19
4190.19
4190.19
4234.58
4255.25
4298.57
4298.57
4298.57
4298.57
4298.57
4298.57
4298.57
4298.57
4298.57
4298.57
4255.25
4190.19
4137.83
3995.02
3971.95
3971.19
3971.19
3971.19
3971.19
3971.19
3971.19
3971.19
3867.49
3833.67
3833.67
3833.67
3833.67
3833.67
3833.67
3833.67
3867.49
3890.52
3971.95
3995.02
4137.83
4181.06
4255.25
4298.57
4298.57
4298.57
4298.57
4298.57
4298.57
4298.57
4298.57
4298.57
4298.57
4298.57
4298.57
4298.57
4298.57
4383.88
4399.39
4464.68
4474.07
4609.44
4618.27
4719.43
4719.43
4719.43
4719.43
4719.43
4719.43
4719.43
4719.43
4719.43
4719.43
4719.43
4719.43
4719.43
4719.43
4719.43
4719.43
4771.58
4771.91
4774.92
4795.30
4799.01
4799.01
4799.01
4799.01
4795.30
4774.92
4771.91
4719.43
4700.77
4657.49
4626.03
4618.27
4609.44
4522.44
4475.90
4474.07
4464.68
4399.39
4383.88
4332.77
4166.99
4059.53
4059.53
4059.53
4059.53
4059.53
4059.53
4059.53
4059.53
4059.53
4059.53
3905.17
3836.69
3782.13
3782.13
3782.13
3810.66
3836.69
3848.49
3891.07
3905.17
3905.17
3905.17
3905.17
3905.17
3905.17
3905.17
3905.17
3905.17
3905.17
3905.17
3905.17
3905.17
3905.17
3905.17
3905.17
3959.33
3967.73
3974.55
4018.62
4018.62
4018.62
4018.62
4018.62
4030.43
4072.29
4088.77
4090.64
4128.76
4176.51
4237.97
4238.99
4278.13
4297.28
4339.25
4344.17
4344.17
4344.17
4344.17
4382.71
4487.65
4563.88
4563.88
4563.88
4563.88
4563.88
4610.22
4611.02
4641.29
4670.69
4685.07
4685.07
4685.07
4685.07
4685.07
4685.07
4685.07
4685.07
4685.07
4685.07
4685.07
4685.07
4685.07
4685.07
4685.07
4685.07
4685.07
4685.07
4685.07
4689.86
4693.11
4703.41
4704.43
4717.92
4726.32
4728.73
4744.45
4744.45
4744.45
4744.45
4728.73
4726.32
4717.92
4714.62
4704.43
4703.41
4693.11
4693.11
4693.11
4689.86
4641.29
4633.35
4633.35
4633.35
4633.35
4633.35
4633.35
4510.53
4505.17
4479.51
4479.51
4479.51
4479.51
4510.53
4565.24
4565.24
4565.24
4565.24
4565.24
4510.53
4358.83
4340.33
4320.17
4218.39
4214.59
4190.34
4116.13
4094.45
4093.24
4085.41
4085.41
4085.41
4085.41
4085.41
4070.56
4057.28
4055.63
4046.57
4046.57
4046.57
4046.57
4046.57
4046.57
4046.57
4046.57
4046.57
4046.57
4046.57
4055.63
4116.13
4155.48
4155.48
4155.48
4155.48
4155.48
4155.48
4155.48
4155.48
4155.48
4135.76
4135.76
4135.76
4135.76
4135.76
4135.76
4135.76
4135.76
4135.76
4149.07
4155.48
4165.32
4224.29
4236.51
4319.70
4339.78
4491.47
4588.00
4640.63
4806.82
4808.96
4814.62
4824.78
4830.68
4830.68
4830.68
4830.68
4830.68
4830.68
4830.68
4830.68
4830.68
4830.68
4824.78
4808.96
4808.96
4808.71
4806.82
4804.55
4792.90
4785.95
4785.95
4785.95
4785.95
4785.95
4785.95
4785.95
4785.95
4785.95
4785.95
4785.95
4785.95
4785.95
4785.95
4765.24
4761.57
4759.84
4735.57
4733.56
4721.77
4715.69
4710.22
4703.20
4694.69
4693.36
4686.18
4685.18
4679.47
4606.46
4528.99
4473.15
4448.85
4435.57
4416.12
4389.49
4373.06
4369.53
4369.53
4369.53
4369.53
4369.53
4369.53
4369.53
4369.53
4369.53
4369.53
4369.53
4369.53
4369.53
4369.53
4366.17
4362.85
4361.80
4340.09
4310.94
4310.94
4310.94
4310.94
4310.94
4310.94
4310.94
4310.82
4301.48
4252.53
4232.19
4210.51
4178.40
4178.40
4210.51
4217.14
4252.53
4310.82
4310.94
4340.09
4369.53
4390.12
4398.13
4400.61
4400.90
4426.76
4443.98
4443.98
4443.98
4443.98
4443.98
4443.98
4443.98
4443.98
4464.46
4487.74
4507.44
4507.44
4507.44
4507.44
4507.44
4507.44
4507.44
4562.94
4641.28
4719.66
4732.05
4749.18
4755.85
4756.47
4836.14
4929.86
4959.64
4959.64
4959.64
4959.64
4959.64
5027.59
5028.37
5049.16
5053.15
5053.15
5053.15
5053.15
5053.15
5053.15
5053.15
5049.16
5028.87
5028.37
5027.59
4959.64
4957.15
4929.86
4836.14
4756.47
4749.18
4749.18
4749.18
4749.18
4749.18
4749.18
4749.18
4749.18
4749.18
4749.18
4732.05
4719.66
4706.40
4641.15
4592.29
4592.29
4592.29
4592.29
4585.60
4488.72
4474.01
4474.01
4474.01
4474.01
4474.01
4474.01
4474.01
4474.01
4474.01
4474.01
4474.01
4474.01
4474.01
4474.01
4474.01
4474.01
4474.01
4474.01
4474.01
4488.72
4506.45
4506.45
4506.45
4529.58
4549.64
4553.33
4572.57
4578.24
4580.61
4580.61
4580.61
4580.61
4581.11
4581.46
4624.51
4638.29
4648.26
4661.12
4679.22
4679.64
4682.56
4689.54
4690.14
4690.22
4693.51
4698.83
4698.83
4698.83
4699.93
4709.22
4710.88
4710.95
4711.75
4711.75
4711.75
4711.75
4711.75
4711.75
4713.42
4713.60
4718.58
4723.85
4723.85
4723.85
4723.85
4723.85
4723.85
4723.85
4723.85
4723.85
4723.85
4723.85
4723.85
4723.85
4723.85
4730.19
4744.08
4744.08
4744.08
4744.08
4745.80
4745.80
4745.80
4745.80
4745.80
4745.80
4745.80
4745.80
4752.21
4760.42
4767.91
4776.17
4784.65
4787.44
4798.49
4797.85
4787.44
4784.65
4767.91
4745.80
4745.36
4740.51
4732.39
4732.39
4732.39
4732.39
4732.39
4740.51
4732.39
4727.38
4724.73
4719.63
4717.35
4717.35
4719.63
4724.73
4727.38
4732.39
4732.39
4732.39
4732.39
4732.39
4732.39
4732.39
4732.39
4732.39
4727.38
4724.73
4719.63
4717.35
4717.23
4716.37
4684.57
4684.57
4684.57
4684.57
4684.57
4684.57
4634.81
4494.31
4408.96
4408.63
4373.13
4332.12
4315.40
4291.20
4285.38
4272.64
4272.24
4258.44
4227.03
4213.27
4130.31
4082.49
3981.07
3929.08
3912.74
3911.98
3909.82
3894.49
3890.90
3890.90
3890.90
3890.90
3890.90
3890.90
3890.90
3890.90
3890.90
3890.90
3894.49
3909.82
3911.98
3912.74
3929.08
3981.07
4082.49
4109.26
4130.31
4213.27
4227.03
4272.24
4272.24
4244.86
4213.27
4130.31
4109.26
3929.08
3908.82
3908.82
3908.82
3908.82
3935.42
4109.26
4244.86
4269.73
4318.09
4359.42
4408.98
4408.98
4408.98
4408.98
4408.98
4408.98
4408.98
4408.98
4408.98
4465.23
4476.96
4476.96
4476.96
4476.96
4476.96
4465.23
4408.98
4390.95
4377.44
4359.42
4354.70
4318.09
4278.13
4269.73
4244.86
4210.28
4144.18
4128.14
4127.81
4127.81
4127.81
4127.81
4127.81
4127.81
4127.81
4127.81
4128.14
4144.18
4150.98
4162.94
4171.38
4186.54
4210.28
4210.28
4210.28
4210.28
4210.28
4210.28
4210.28
4210.28
4210.28
4210.28
4210.28
4186.54
4186.54
4186.54
4186.54
4210.28
4240.27
4186.57
4186.54
4178.78
4171.38
4171.38
4171.38
4178.78
4186.54
4186.57
4194.86
4240.27
4241.24
4247.38
4310.71
4310.71
4310.71
4310.71
4310.71
4310.71
4345.82
4367.99
4371.53
4373.24
4374.12
4383.67
4385.68
4436.10
4436.10
4436.10
4436.10
4436.10
4428.94
4427.78
4425.37
4420.70
4420.18
4420.18
4420.18
4420.18
4420.18
4420.18
4420.18
4420.18
4420.18
4420.70
4425.24
4425.37
4427.78
4428.94
4436.10
4445.13
4474.85
4475.94
4483.44
4485.76
4494.10
4496.79
4498.26
4502.76
4525.49
4525.49
4525.49
4525.49
4525.49
4525.49
4550.07
4626.81
4663.88
4673.98
4694.99
4697.52
4697.52
4694.99
4673.98
4626.81
4626.81
4694.99
4697.52
4709.30
4722.84
4738.79
4738.80
4751.97
4772.63
4779.76
4782.15
4784.04
4784.20
4784.20
4784.20
4784.20
4784.20
4784.20
4784.20
4795.30
4801.65
4805.66
4806.76
4806.76
4805.66
4801.65
4795.30
4784.20
4784.04
4782.15
4782.15
4782.15
4782.15
4782.15
4779.76
4779.76
4784.04
4795.30
4784.04
4779.46
4778.47
4750.26
4738.80
4735.04
4729.24
4728.84
4719.10
4719.10
4719.10
4719.10
4719.10
4724.09
4728.84
4728.84
4728.84
4728.84
4724.09
4719.10
4718.17
4717.99
4713.59
4684.85
4684.85
4684.85
4684.85
4713.59
4713.59
4713.59
4713.59
4706.96
4684.85
4684.85
4684.85
4684.85
4684.85
4684.85
4684.85
4706.96
4717.99
4718.17
4719.10
4722.90
4724.09
4729.24
4735.04
4771.38
4771.38
4771.38
4735.04
4724.09
4723.29
4723.29
4723.29
4723.29
4723.29
4723.29
4724.09
4727.18
4771.38
4778.66
4793.76
4799.47
4799.47
4793.76
4778.66
4771.38
4727.18
4727.18
4759.96
4778.66
4793.76
4799.47
4799.47
4793.76
4778.66
4759.96
4727.18
4727.18
4727.18
4727.18
4727.18
4727.18
4727.18
4723.29
4723.29
4723.29
4723.29
4723.29
4723.29
4723.29
4723.29
4723.29
4723.29
4706.32
4706.32
4706.32
4706.32
4706.32
4698.68
4688.75
4688.75
4688.75
4688.75
4688.75
4688.75
4688.75
4688.75
4652.74
4626.96
4626.58
4607.05
4607.05
4589.88
4567.37
4567.37
4567.37
4567.37
4589.88
4598.94
4598.94
4598.94
4598.94
4598.94
4607.05
4624.94
4626.58
4626.96
4652.74
4688.75
4706.32
4728.31
4737.83
4740.70
4749.77
4760.83
4775.31
4785.09
4785.09
4785.09
4785.09
4785.09
4785.09
4785.09
4799.32
4808.76
4811.18
4850.34
4838.11
4840.20
4862.85
4879.71
4879.74
4881.10
4906.70
4924.31
4942.38
4942.38
4942.38
4942.38
4942.38
4942.38
4942.38
4942.38
4942.38
4942.38
4942.38
4942.38
4942.38
4942.38
4942.38
4924.31
4906.70
4900.80
4881.10
4881.10
4881.10
4881.10
4881.10
4881.10
4879.74
4878.37
4851.47
4850.47
4840.20
4838.11
4837.11
4816.85
4813.13
4804.29
4794.52
4787.81
4770.35
4756.88
4722.70
4714.21
4706.33
4702.01
4702.01
4702.01
4702.01
4698.26
4679.34
4678.01
4676.99
4676.99
4676.99
4656.33
4655.69
4652.42
4641.29
4634.98
4634.98
4634.88
4631.99
4624.97
4622.28
4621.35
4615.43
4605.25
4585.45
4561.20
4521.97
4514.77
4480.06
4445.47
4445.47
4445.47
4445.47
4445.47
4445.47
4445.47
4445.47
4445.47
4445.47
4445.47
4445.47
4426.28
4420.46
4386.75
4356.85
4336.16
4336.16
4336.16
4336.16
4336.16
4336.16
4330.99
4330.99
4330.99
4330.99
4330.99
4330.99
4330.99
4330.99
4330.99
4325.42
4319.96
4305.52
4288.55
4286.02
4286.02
4288.55
4305.52
4319.96
4319.96
4319.96
4319.96
4288.55
4288.55
4288.55
4314.63
4314.63
4314.63
4314.63
4314.63
4314.63
4288.55
4237.07
4219.47
4216.23
4204.85
4157.94
4142.63
4142.63
4142.63
4142.63
4142.63
4142.63
4157.94
4204.85
4216.23
4219.47
4237.07
4251.08
4251.08
4251.08
4251.08
4251.08
4237.07
4219.47
4216.23
4188.31
4157.94
4157.83
4157.17
4157.17
4157.17
4157.83
4157.94
4188.31
4201.64
4201.64
4201.64
4201.64
4201.64
4201.64
4219.47
4251.08
4304.17
4304.17
4304.17
4304.17
4341.16
4369.96
4369.96
4369.96
4369.96
4369.96
4369.96
4369.96
4369.96
4372.43
4372.58
4374.55
4374.55
4372.58
4372.43
4369.96
4341.72
4341.16
4313.55
4307.90
4304.17
4251.08
4250.63
4250.63
4250.63
4250.63
4250.63
4250.63
4250.63
4250.63
4250.63
4250.63
4250.63
4250.63
4250.63
4220.88
4214.36
4158.04
4133.19
4126.00
4118.79
4028.86
3909.75
3858.90
3822.72
3801.88
3801.88
3801.88
3801.88
3801.88
3798.14
3792.78
3791.68
3788.51
3788.51
3788.51
3788.51
3788.51
3788.51
3788.51
3788.51
3788.51
3788.51
3788.51
3788.51
3788.51
3788.51
3788.51
3788.51
3788.51
3788.51
3788.51
3790.67
3791.68
3792.78
3798.14
3804.00
3807.13
3810.26
3828.97
3831.78
3870.42
3955.09
4080.00
4164.84
4225.60
4225.60
4225.60
4225.60
4225.60
4225.60
4225.60
4225.60
4225.60
4225.60
4235.12
4240.91
4244.66
4247.57
4250.14
4250.41
4250.41
4250.41
4250.41
4250.41
4250.41
4250.41
4250.41
4250.41
4250.41
4250.41
4250.47
4280.32
4301.20
4313.51
4317.87
4325.90
4328.27
4329.82
4335.85
4351.53
4370.64
4373.09
4379.29
4379.29
4379.29
4379.29
4379.29
4375.51
4370.64
4329.82
4325.90
4325.90
4325.90
4325.90
4325.90
4329.82
4370.64
4375.51
4393.95
4408.70
4465.17
4466.12
4485.13
4492.47
4495.16
4510.04
4520.88
4537.48
4560.98
4567.56
4572.53
4572.53
4572.53
4572.53
4572.53
4572.53
4572.53
4572.53
4572.53
4593.34
4599.52
4604.78
4607.41
4607.41
4607.41
4604.78
4599.52
4593.34
4572.53
4567.56
4567.56
4567.56
4567.56
4560.98
4548.38
4515.11
4495.16
4495.16
4495.16
4495.16
4495.16
4495.16
4495.16
4485.13
4422.57
4388.70
4230.43
4217.56
4116.24
4096.22
4089.65
4071.60
3822.18
3822.18
3822.18
3822.18
3822.18
3822.18
3822.18
3822.18
3822.18
3822.18
3822.18
3822.18
3822.18
3822.18
3822.18
3822.18
3822.18
3822.18
3822.18
3822.18
3822.18
3822.18
3822.18
3822.18
3822.18
3822.18
4043.53
4308.62
4334.74
4365.94
4370.70
4376.99
4397.65
4399.29
4399.86
4448.86
4483.45
4494.72
4496.70
4513.95
4513.95
4513.95
4513.95
4513.95
4513.95
4513.95
4513.95
4513.95
4513.95
4513.95
4513.95
4513.95
4513.95
4496.70
4494.72
4490.65
4483.45
4448.86
4440.71
4408.62
4399.86
4399.29
4397.65
4397.65
4399.86
4408.62
4408.62
4408.62
4408.62
4408.62
4408.62
4408.62
4408.62
4408.62
4440.71
4483.45
4490.65
4513.95
4529.06
4529.06
4529.06
4529.06
4529.06
4529.06
4529.06
4529.06
4529.06
4529.06
4529.06
4529.06
4534.14
4541.79
4541.79
4541.79
4541.79
4541.79
4541.79
4541.79
4541.79
4545.60
4561.49
4565.31
4569.98
4569.98
4569.98
4569.98
4569.98
4569.98
4569.98
4569.98
4569.98
4569.98
4569.98
4569.98
4569.98
4565.31
4561.49
4545.60
4541.79
4534.14
4529.06
4513.99
4513.99
4513.99
4510.91
4504.35
4501.36
4498.09
4494.33
4491.70
4491.70
4491.70
4491.70
4491.70
4491.70
4491.70
4491.70
4491.70
4491.70
4491.70
4491.70
4491.04
4488.31
4475.87
4475.87
4488.31
4491.04
4491.70
4494.33
4494.33
4494.33
4494.33
4494.33
4494.33
4494.33
4498.09
4498.09
4498.09
4498.09
4498.09
4498.09
4498.09
4498.09
4498.09
4504.35
4508.96
4508.96
4508.96
4508.96
4508.96
4508.96
4508.96
4508.96
4491.06
4487.73
4487.73
4487.73
4491.06
4508.96
4514.04
4514.04
4514.04
4491.06
4487.73
4478.30
4462.92
4455.56
4448.37
4410.51
4410.51
4410.51
4410.51
4410.51
4421.22
4421.22
4454.18
4454.18
4454.18
4454.18
4421.22
4410.51
4409.27
4399.19
4383.20
4378.10
4359.40
4327.13
4327.13
4327.13
4327.13
4359.40
4378.10
4399.19
4399.19
4399.19
4399.19
4399.19
4404.29
4409.27
4421.22
4454.18
4462.92
4478.30
4482.33
4488.89
4489.42
4509.42
4517.55
4517.55
4517.55
4517.55
4518.56
4532.60
4548.78
4548.78
4548.78
4548.78
4548.78
4555.30
4559.98
4563.22
4571.34
4580.60
4601.06
4601.76
4601.76
4601.76
4601.76
4601.76
4601.76
4601.76
4601.76
4601.76
4601.76
4601.76
4601.76
4601.76
4601.76
4601.76
4601.06
4580.60
4571.34
4568.89
4563.22
4559.98
4555.30
4555.30
4545.91
4543.27
4541.55
4540.96
4496.04
4436.18
4379.51
4378.02
4375.81
4352.37
4346.32
4334.07
4328.04
4324.84
4323.99
4267.33
4229.19
4209.48
4185.16
4110.34
4107.00
4107.00
4107.00
4107.00
4107.00
4107.00
4107.00
4107.00
4107.00
4107.00
4107.00
4107.00
4107.00
4107.00
4107.00
4107.00
4107.00
4107.00
4107.00
4107.00
4096.55
4095.24
4095.24
4095.24
4095.24
4095.24
4095.24
4095.24
4095.24
4095.24
4095.24
4095.24
4095.24
4094.39
4094.39
4094.39
4094.39
4096.55
4107.00
4110.34
4196.88
4254.19
4280.83
4310.96
4317.39
4352.39
4352.39
4352.39
4363.60
4372.45
4372.45
4372.45
4372.45
4363.60
4352.39
4340.58
4340.58
4340.58
4352.39
4363.60
4363.60
4340.58
4330.94
4329.78
4321.33
4317.39
4289.60
4282.17
4254.19
4236.19
4229.94
4229.94
4229.94
4229.94
4229.94
4229.94
4236.19
4254.19
4282.17
4289.60
4321.33
4329.78
4330.94
4340.58
4363.60
4372.45
4372.45
4372.45
4372.45
4372.45
4372.45
4372.45
4372.45
4372.45
4372.45
4372.45
4378.73
4387.09
4394.23
4394.71
4400.38
4404.19
4409.44
4415.20
4420.30
4438.71
4447.85
4455.52
4455.52
4455.52
4447.85
4447.85
4447.85
4447.85
4447.85
4447.85
4447.85
4447.85
4447.85
4447.85
4447.85
4447.85
4447.85
4447.85
4447.85
4447.85
4447.85
4438.71
4420.30
4415.20
4409.44
4407.33
4404.19
4400.38
4400.38
4394.23
4359.84
4346.94
4318.43
4289.04
4271.69
4269.39
4263.87
4258.51
4214.10
4187.09
4143.73
4113.40
4108.10
4096.28
4083.14
4082.14
4046.44
4046.44
4046.44
4046.44
4046.44
4046.44
4046.44
4046.44
4046.44
4046.44
4046.44
4041.32
4023.86
4022.54
4006.99
4006.87
4006.87
4006.87
4006.87
4006.87
4006.87
4006.87
4006.87
4006.99
4022.54
4023.86
4046.44
4083.14
4096.28
4108.10
4113.40
4116.01
4191.65
4261.97
4261.97
4261.97
4261.97
4261.97
4261.97
4266.31
4343.83
4352.94
4364.55
4373.71
4381.63
4381.63
4381.63
4381.63
4406.26
4415.99
4420.15
4437.09
4442.01
4466.38
4466.38
4466.38
4466.38
4466.38
4466.38
4437.09
4437.09
4437.09
4437.09
4437.09
4437.09
4437.09
4437.09
4437.09
4420.17
4420.15
4406.26
4381.63
4373.71
4368.25
4364.55
4352.94
4345.61
4343.83
4312.66
4270.10
4266.82
4266.31
4238.47
4184.79
4184.02
4184.02
4184.79
4238.47
4266.82
4266.82
4238.47
4184.79
4184.02
4174.32
4171.43
4168.88
4167.32
4167.28
4158.68
4141.26
4126.56
4120.79
4118.80
4076.85
4062.40
4060.33
4060.33
4060.33
4060.33
4060.33
4060.33
4060.33
4060.33
4060.33
4060.33
4062.40
4076.85
4097.29
4118.80
4126.56
4126.56
4116.20
4105.12
4105.12
4105.12
4105.12
4105.12
4105.12
4113.78
4116.20
4135.21
4141.26
4158.68
4159.05
4166.03
4181.74
4184.97
4184.97
4184.97
4184.97
4205.43
4212.67
4222.47
4223.40
4299.08
4309.29
4320.53
4322.22
4359.28
4389.77
4450.83
4459.64
4502.58
4564.30
4629.29
4641.57
4659.99
4661.59
4668.65
4680.81
4700.32
4707.22
4716.71
4716.74
4734.84
4734.84
4716.74
4716.71
4707.22
4707.22
4707.22
4707.22
4707.22
4707.22
4707.22
4707.22
4707.22
4707.22
4707.22
4707.22
4707.22
4707.22
4707.22
4707.22
4700.32
4683.66
4683.66
4683.66
4716.71
4716.74
4683.66
4680.81
4670.22
4668.65
4660.18
4655.11
4654.68
4642.07
4609.63
4570.28
4542.87
4526.38
4506.06
4504.02
4482.31
4442.89
4384.77
4379.49
4374.96
4365.23
4360.91
4326.58
4305.56
4294.14
4293.21
4293.21
4293.21
4293.21
4293.21
4293.21
4293.21
4293.21
4293.21
4293.21
4293.21
4293.21
4293.21
4294.14
4305.56
4326.58
4326.58
4326.58
4305.56
4294.14
4289.25
4238.31
4210.54
4210.54
4210.54
4210.54
4210.54
4210.54
4210.54
4210.54
4238.31
4289.25
4294.14
4302.22
4328.49
4328.49
4328.49
4328.49
4328.49
4328.49
4328.49
4328.49
4328.49
4328.51
4349.04
4357.42
4362.54
4366.71
4398.84
4398.84
4398.84
4398.84
4412.89
4412.89
4412.89
4398.84
4366.71
4365.78
4362.54
4357.42
4355.16
4355.16
4355.16
4355.16
4355.16
4355.16
4357.42
4362.54
4365.78
4366.71
4398.84
4423.11
4437.06
4446.25
4458.40
4476.17
4492.56
4508.56
4512.04
4512.04
4512.04
4512.04
4512.04
4517.64
4548.20
4559.01
4593.99
4605.10
4606.32
4635.91
4643.84
4646.84
4648.42
4655.69
4655.69
4648.42
4646.84
4643.84
4643.84
4643.84
4643.84
4643.84
4643.84
4643.84
4643.84
4643.84
4643.84
4643.84
4643.84
4643.84
4646.84
4648.42
4655.69
4657.61
4657.61
4657.61
4657.61
4655.69
4648.42
4646.84
4620.74
4620.74
4620.74
4617.66
4606.32
4591.22
4567.70
4535.95
4525.90
4471.32
4462.58
4457.25
4456.62
4433.23
4413.84
4412.68
4412.68
4412.68
4412.68
4412.68
4412.68
4412.68
4412.68
4412.68
4412.68
4412.68
4412.68
4412.68
4413.84
4433.23
4433.23
4433.23
4433.23
4433.23
4433.23
4462.58
4471.32
4516.34
4560.40
4576.78
4579.75
4579.75
4579.75
4579.75
4579.75
4585.93
4643.67
4646.50
4646.50
4646.50
4646.50
4646.50
4646.50
4646.50
4646.50
4646.50
4646.50
4646.50
4646.50
4646.50
4646.50
4646.50
4646.50
4646.50
4646.50
4646.50
4646.50
4646.50
4646.50
4646.50
4646.50
4646.50
4644.75
4643.67
4628.54
4607.85
4581.81
4552.97
4525.41
4524.73
4507.80
4493.64
4487.76
4479.98
4467.86
4467.86
4467.86
4467.86
4467.86
4467.86
4467.86
4467.86
4467.86
4446.63
4445.49
4420.43
4417.61
4414.40
4412.54
4409.59
4399.70
4398.32
4393.16
4384.08
4384.08
4384.08
4393.16
4398.32
4399.70
4409.59
4412.54
4414.40
4415.76
4417.61
4437.16
4417.61
4415.76
4414.40
4409.59
4399.70
4393.16
4382.43
4367.09
4367.09
4367.09
4367.09
4367.09
4367.09
4367.09
4367.09
4367.09
4367.09
4367.09
4367.09
4367.09
4356.99
4355.25
4354.60
4350.04
4330.75
4319.09
4267.49
4148.57
4116.15
4073.82
4073.26
4020.76
4020.76
4020.76
4020.76
4020.76
4020.76
4020.76
4020.76
4020.76
4020.76
4020.76
4020.76
4020.76
4020.76
4020.76
4020.76
4020.76
4020.76
4020.76
4020.76
4020.76
4020.76
4020.76
4020.76
4073.26
4082.30
4116.15
4119.35
4175.29
4187.57
4228.80
4303.95
4328.88
4344.97
4347.95
4353.32
4354.14
4366.14
4442.93
4450.71
4471.53
4473.96
4475.61
4476.90
4482.14
4495.73
4498.69
4507.32
4511.97
4522.04
4522.21
4532.14
4534.10
4549.77
4556.37
4558.81
4570.89
4570.89
4570.89
4570.89
4570.89
4570.89
4570.89
4570.89
4558.81
4556.37
4555.39
4549.77
4534.10
4532.54
4532.54
4532.54
4532.54
4532.54
4532.54
4532.54
4532.54
4532.54
4532.54
4532.54
4532.54
4532.54
4532.14
4522.04
4502.09
4499.70
4496.35
4496.35
4496.35
4496.35
4496.35
4496.35
4496.35
4496.35
4496.35
4496.35
4496.35
4496.35
4496.35
4496.35
4496.35
4496.35
4496.35
4496.35
4496.35
4496.35
4496.35
4496.35
4496.35
4496.35
4496.35
4499.70
4522.16
4543.13
4543.13
4543.13
4543.13
4543.13
4543.13
4543.13
4543.13
4543.13
4543.13
4543.13
4543.13
4543.13
4543.13
4543.13
4543.13
4555.97
4557.00
4559.39
4564.52
4566.65
4567.19
4568.31
4568.31
4568.31
4568.31
4568.31
4567.19
4566.65
4564.52
4557.00
4555.97
4543.13
4513.96
4509.21
4507.38
4499.52
4489.18
4473.98
4473.98
4473.98
4473.98
4473.98
4473.98
4473.98
4473.98
4473.98
4473.98
4473.98
4457.61
4450.17
4430.92
4424.69
4423.68
4420.93
4420.93
4420.93
4420.93
4417.52
4417.52
4417.52
4417.52
4417.52
4417.52
4417.52
4417.52
4412.40
4396.50
4391.88
4391.16
4371.16
4369.21
4369.21
4369.21
4369.21
4369.21
4369.21
4369.21
4369.21
4369.21
4369.21
4369.21
4369.21
4369.21
4369.21
4369.21
4369.21
4370.00
4371.16
4371.16
4371.16
4371.16
4371.16
4371.16
4371.16
4371.16
4371.16
4371.16
4371.16
4371.16
4371.16
4371.16
4371.16
4371.16
4371.16
4371.16
4371.16
4371.16
4371.16
4371.16
4373.62
4383.51
4386.10
4413.76
4433.38
4450.27
4461.11
4471.43
4473.95
4474.64
4475.91
4484.79
4485.41
4488.62
4489.49
4489.49
4489.49
4489.49
4489.49
4489.49
4489.49
4489.49
4489.49
4489.49
4489.49
4489.49
4489.50
4492.10
4492.10
4492.10
4492.10
4492.10
4492.10
4492.10
4492.10
4492.10
4492.10
4492.10
4489.50
4489.50
4489.50
4489.50
4425.80
4425.80
4425.80
4425.80
4425.80
4425.80
4425.80
4425.80
4411.06
4400.72
4383.08
4348.23
4325.95
4281.92
4280.41
4245.63
4243.44
4220.20
4190.72
4190.72
4190.72
4190.72
4190.72
4190.72
4190.72
4220.20
4235.69
4243.44
4245.63
4280.41
4281.92
4325.95
4383.08
4400.72
4411.06
4411.06
4411.06
4411.06
4411.06
4418.57
4425.80
4430.23
4448.87
4459.67
4459.67
4459.67
4459.67
4459.67
4516.25
4516.52
4516.52
4516.52
4516.25
4514.14
4459.67
4448.87
4439.12
4437.50
4430.23
4430.23
4437.50
4439.12
4448.87
4459.67
4460.14
4495.41
4514.14
4516.25
4516.52
4535.13
4536.92
4536.92
4535.13
4532.52
4522.72
4516.52
4516.25
4514.14
4495.41
4460.14
4459.67
4456.92
4448.87
4448.87
4448.87
4445.46
4439.12
4437.50
4437.50
4437.50
4437.50
4427.81
4419.67
4378.04
4363.37
4356.46
4329.77
4329.77
4329.77
4329.77
4329.77
4329.77
4329.77
4329.77
4329.77
4329.77
4329.77
4329.77
4329.77
4329.77
4279.20
4226.21
4153.08
4102.57
4102.57
4102.57
4102.57
4102.57
4102.57
4102.57
4102.57
4102.57
4102.57
4102.57
4102.57
4102.57
4102.57
4102.57
4102.57
4102.57
4102.57
4102.57
4102.57
4102.57
4102.57
4102.57
4102.57
4102.57
4102.57
4229.51
4252.26
4344.14
4419.98
4464.53
4567.00
4589.37
4589.62
4590.85
4595.70
4595.70
4595.70
4595.70
4595.70
4608.88
4613.83
4631.28
4633.02
4645.36
4655.68
4660.61
4670.08
4674.50
4678.33
4678.33
4678.33
4678.33
4678.33
4674.50
4670.08
4660.61
4655.68
4652.16
4645.36
4633.02
4631.28
4613.83
4613.83
4613.83
4613.83
4613.83
4613.83
4613.83
4613.83
4613.83
4613.83
4613.83
4608.88
4595.70
4590.85
4580.62
4578.46
4578.46
4578.46
4578.46
4578.46
4578.46
4578.46
4578.46
4529.06
4495.35
4495.35
4495.35
4495.35
4495.35
4495.35
4495.35
4495.35
4495.35
4495.35
4495.35
4495.35
4495.35
4490.78
4485.83
4484.62
4441.94
4441.94
4441.94
4441.94
4441.94
4441.94
4441.94
4441.94
4441.94
4441.94
4441.94
4441.94
4453.71
4484.62
4485.83
4490.78
4529.06
4550.04
4550.04
4550.04
4529.06
4490.78
4484.62
4484.62
4484.62
4484.62
4484.62
4453.71
4437.08
4348.06
4348.06
4348.06
4348.06
4348.06
4348.06
4348.06
4348.06
4348.06
4348.06
4348.06
4348.06
4316.21
4311.47
4257.58
4235.68
4216.76
4166.25
4159.84
4156.73
4155.62
4155.62
4155.62
4155.62
4155.62
4155.62
4155.62
4155.62
4155.62
4156.73
4159.84
4166.25
4216.76
4216.76
4216.76
4205.33
4166.25
4159.84
4156.73
4155.62
4060.97
4155.62
4156.73
4159.84
4166.25
4205.33
4205.33
4205.33
4205.33
4205.33
4159.84
4022.33
4022.33
4022.33
4022.33
4022.33
4022.33
4022.33
4022.33
4022.33
4022.33
4022.33
4022.33
4022.33
4022.33
4205.33
4208.01
4266.88
4348.86
4429.00
4567.84
4599.45
4605.74
4622.21
4636.74
4648.12
4651.79
4657.66
4663.97
4668.75
4668.75
4663.97
4657.66
4651.79
4649.80
4648.12
4648.12
4648.12
4648.12
4648.12
4648.12
4648.12
4648.12
4648.12
4636.74
4622.21
4622.21
4622.21
4622.21
4622.21
4622.21
4622.21
4622.21
4622.21
4605.74
4599.45
4588.38
4530.26
4530.26
4530.26
4530.26
4530.26
4530.26
4530.26
4530.26
4530.26
4530.26
4530.26
4505.98
4487.21
4479.32
4457.74
4443.54
4440.23
4439.78
4438.37
4429.00
4420.35
4420.35
4415.08
4414.27
4412.73
4411.54
4411.54
4411.54
4411.54
4412.12
4412.73
4412.73
4412.73
4412.73
4412.73
4412.73
4412.73
4412.12
4411.54
4406.12
4405.67
4405.67
4405.67
4405.67
4405.67
4405.67
4405.67
4405.67
4405.67
4405.67
4405.67
4397.80
4396.69
4395.08
4391.61
4391.23
4390.56
4388.93
4372.69
4369.55
4302.51
4280.92
4280.46
4274.27
4263.91
4245.01
4212.37
4202.07
4196.49
4191.87
4182.27
4162.18
4148.69
4148.69
4148.69
4148.69
4148.69
4148.69
4148.69
4148.69
4148.69
4148.69
4148.69
4148.69
4148.69
4162.18
4182.27
4191.87
4202.07
4212.37
4202.07
4191.87
4182.27
4162.18
4148.69
4104.85
4050.80
4050.80
4050.80
4050.80
4050.80
4050.80
4050.80
4050.80
4104.85
4243.87
4274.87
4294.29
4372.72
4493.87
4501.43
4558.13
4558.13
4558.13
4558.13
4558.13
4558.13
4562.35
4564.42
4575.96
4591.38
4594.45
4610.13
4629.48
4631.93
4644.23
4644.23
4631.93
4610.13
4594.45
4591.38
4575.96
4567.90
4564.42
4562.35
4558.13
4552.51
4536.09
4531.14
4531.14
4531.14
4531.14
4531.14
4531.14
4531.14
4531.14
4531.14
4531.14
4531.14
4531.14
4531.14
4516.32
4513.41
4448.10
4318.57
4318.57
4318.57
4318.57
4318.57
4318.57
4306.41
4292.90
4290.33
4283.30
4283.06
4282.76
4281.09
4279.10
4248.92
4248.92
4248.92
4248.92
4248.92
4248.92
4248.92
4248.92
4248.92
4248.92
4248.92
4248.92
4248.92
4279.10
4281.09
4282.76
4283.06
4283.30
4290.33
4292.90
4306.41
4353.95
4361.61
4422.50
4422.78
4438.81
4470.92
4557.30
4557.30
4557.30
4557.30
4557.30
4557.30
4557.30
4557.30
4557.30
4557.30
4557.30
4557.30
4557.30
4557.30
4557.30
4557.30
4557.30
4557.30
4557.30
4557.30
4557.30
4557.30
4557.30
4557.30
4557.30
4557.30
4549.93
4537.93
4510.86
4502.79
4494.62
4481.54
4473.07
4458.74
4456.98
4456.98
4456.98
4456.98
4456.98
4449.15
4445.82
4439.87
4404.33
4361.36
4346.74
4346.74
4346.74
4346.74
4346.74
4346.74
4346.74
4346.74
4346.74
4346.74
4346.74
4346.74
4346.74
4346.74
4346.74
4346.74
4346.74
4346.74
4346.74
4346.74
4361.36
4365.35
4371.31
4403.43
4427.08
4439.87
4464.92
4464.92
4464.92
4464.92
4464.92
4464.92
4464.92
4464.92
4464.92
4464.92
4464.92
4464.92
4464.92
4464.92
4464.92
4464.92
4464.92
4464.92
4464.92
4464.92
4464.92
4464.92
4464.92
4464.92
4464.92
4464.92
4455.57
4427.08
4426.80
4426.80
4426.80
4426.80
4426.80
4403.43
4381.17
4371.31
4365.35
4283.25
4240.01
4102.73
4102.73
4102.73
4102.73
4102.73
4102.73
4102.73
4102.73
4102.73
4102.73
4102.73
4102.73
4102.73
4102.73
4102.73
4102.73
4221.13
4235.18
4235.18
4235.18
4235.18
4235.18
4240.01
4243.53
4245.22
4254.84
4271.22
4277.83
4277.83
4277.83
4277.83
4277.83
4277.83
4279.46
4298.68
4312.18
4312.18
4312.18
4312.18
4312.18
4312.18
4298.68
4298.68
4298.68
4298.68
4312.18
4316.17
4329.07
4342.32
4344.50
4356.16
4373.06
4390.28
4390.28
4356.16
4344.50
4342.32
4342.32
4342.32
4342.32
4342.32
4342.32
4342.32
4342.32
4342.32
4329.07
4312.18
4271.22
4263.46
4263.46
4263.46
4263.46
4263.46
4252.04
4232.87
4232.09
4232.09
4232.09
4232.09
4232.09
4232.09
4232.09
4232.09
4232.09
4232.09
4232.09
4232.09
4179.69
4179.69
4179.69
4179.69
4179.69
4152.30
4135.77
4099.13
4099.13
4099.13
4099.13
4099.13
4099.13
4071.22
4051.72
4016.85
4016.85
4016.85
4051.72
4071.22
4099.13
4135.77
4164.16
4164.16
4164.16
4164.16
4185.93
4185.93
4185.93
4185.93
4185.93
4185.93
4185.93
4185.93
4194.57
4195.71
4268.12
4269.70
4269.70
4269.70
4268.12
4195.71
4194.57
4185.93
4164.16
4142.56
4142.56
4142.56
4142.56
4142.56
4142.56
4164.16
4185.93
4194.57
4195.71
4226.45
4269.70
4313.31
4322.36
4335.10
4335.10
4322.36
4313.31
4269.70
4269.70
4313.31
4335.10
4346.47
4374.37
4374.37
4345.58
4335.10
4313.31
4269.70
4226.45
4215.61
4195.71
4194.57
4215.61
4226.45
4269.70
4313.25
4335.10
4335.10
4335.10
4335.10
4313.25
4269.70
4226.45
4313.25
4319.37
4335.10
4345.58
4374.37
4389.44
4403.32
4419.94
4438.83
4444.28
4452.76
4452.76
4452.76
4438.83
4419.94
4403.32
4389.44
4374.37
4345.58
4335.45
4335.45
4335.45
4319.37
4319.37
4319.37
4319.37
4319.37
4313.25
4304.07
4298.69
4270.44
4215.61
4209.81
4196.74
4196.74
4196.74
4196.74
4196.74
4209.81
4270.44
4270.44
4270.44
4270.44
4270.44
4270.44
4298.69
4304.07
4316.77
4319.37
4335.45
4353.95
4365.22
4365.22
4365.22
4365.22
4365.22
4365.22
4365.22
4365.22
4353.95
4335.45
4316.77
4304.07
4298.69
4270.44
4270.44
4270.44
4270.44
4270.44
4238.28
4149.80
4025.05
3947.88
3944.09
3944.09
3947.88
4009.67
4025.05
4217.68
4238.28
4316.77
4385.91
4461.50
4474.30
4480.46
4498.43
4512.97
4515.53
4537.23
4556.48
4571.98
4571.98
4571.98
4571.98
4571.98
4556.48
4543.97
4537.23
4515.53
4515.53
4515.53
4498.43
4480.46
4408.61
4385.91
4314.90
4238.28
4227.35
4227.35
4227.35
4227.35
4312.78
4314.90
4353.73
4396.63
4396.63
4396.63
4396.63
4396.63
4396.63
4396.63
4396.63
4408.61
4423.54
4469.70
4470.14
4480.46
4470.14
4469.70
4438.87
4423.54
4408.61
4396.63
4353.73
4314.90
4312.78
4293.04
4262.71
4229.39
4227.35
4205.81
4118.93
4116.21
4116.21
4116.21
4116.21
4116.21
4116.21
4116.21
4116.21
4118.93
4150.30
4227.35
4229.39
4262.71
4262.71
4262.71
4262.71
4262.71
4262.71
4262.71
4262.71
4262.71
4262.71
4262.71
4262.71
4293.04
4314.07
4314.07
4314.07
4314.07
4314.07
4314.07
4247.06
4247.06
4247.06
4247.06
4247.06
4247.06
4247.06
4247.06
4247.06
4247.06
4247.06
4247.06
4247.06
4247.06
4247.06
4247.06
4247.06
4247.06
4247.06
4247.06
4247.06
4309.19
4309.19
4309.19
4309.19
4309.19
4309.19
4309.19
4309.19
4309.19
4309.19
4309.19
4309.19
4314.07
4339.98
4339.98
4339.98
4339.98
4309.19
4249.98
4247.06
4247.06
4247.06
4247.06
4247.06
4247.06
4249.98
4251.87
4309.19
4309.19
4309.19
4309.19
4251.87
4249.98
4223.14
4221.66
4191.06
4190.42
4190.42
4190.42
4190.42
4190.42
4190.42
4190.42
4190.42
4190.42
4191.06
4212.31
4221.66
4249.98
4251.87
4266.81
4266.81
4266.81
4251.87
4249.98
4212.51
4212.31
4161.14
4151.49
4140.85
4112.05
4112.05
4112.05
4112.05
4112.05
4112.05
4140.85
4151.49
4161.14
4164.35
4212.31
4212.31
4212.31
4212.31
4212.31
4212.31
4212.31
4212.31
4212.31
4212.51
4222.66
4266.81
4282.86
4285.32
4290.17
4291.08
4291.62
4295.67
4297.31
4310.06
4310.12
4315.12
4329.31
4332.09
4338.60
4355.15
4355.48
4365.01
4370.99
4393.39
4402.71
4416.06
4462.72
4478.11
4478.30
4524.49
4540.93
4543.24
4543.55
4543.55
4543.55
4543.55
4543.55
4543.55
4543.55
4543.55
4543.55
4543.55
4543.24
4540.93
4540.93
4540.93
4540.93
4540.93
4540.93
4540.93
4543.55
4548.99
4554.41
4559.04
4560.41
4564.02
4571.52
4591.53
4591.53
4571.52
4564.02
4560.41
4559.04
4548.99
4548.87
4543.55
4540.93
4488.58
4387.91
4326.94
4324.63
4313.42
4313.30
4306.05
4306.05
4306.05
4306.05
4306.05
4306.05
4306.05
4306.05
4306.05
4216.05
4209.12
4186.72
4186.72
4186.72
4186.72
4186.72
4186.72
4186.72
4186.72
4186.72
4186.72
4186.72
4186.72
4209.12
4216.05
4288.20
4288.20
4288.20
4288.20
4259.92
4216.05
4209.12
4186.72
4064.05
4025.68
4025.68
4025.68
4025.68
4025.68
4011.01
3995.28
3991.26
3970.06
3970.06
3970.06
3995.28
3996.66
4011.01
4025.68
4039.44
4063.16
4063.16
4063.16
4063.16
4063.16
4063.16
4063.16
4063.16
4063.16
4039.44
4011.01
3997.56
3997.56
3997.56
3997.56
3997.56
3997.56
3997.56
4006.41
4039.44
4043.34
4043.34
4043.34
4041.14
4041.14
4041.14
4041.14
4041.14
4041.14
4041.14
4041.14
4043.34
4045.44
4056.97
4063.16
4094.85
4101.86
4106.64
4094.85
4094.85
4112.76
4117.21
4153.78
4182.42
4204.01
4206.40
4243.79
4252.94
4258.94
4258.94
4252.94
4243.79
4206.40
4204.01
4204.01
4204.01
4204.01
4204.01
4197.50
4192.63
4192.63
4192.63
4192.63
4192.63
4192.63
4192.63
4192.63
4197.50
4204.01
4206.40
4252.94
4269.11
4347.04
4361.84
4375.50
4375.50
4381.15
4385.67
4385.67
4385.67
4385.67
4385.67
4385.67
4385.67
4385.67
4385.67
4385.67
4385.67
4385.67
4385.67
4385.67
4385.67
4385.67
4381.15
4381.15
4381.15
4381.15
4381.15
4381.15
4381.15
4385.67
4398.37
4399.36
4439.95
4440.86
4467.03
4467.03
4467.03
4470.90
4470.90
4470.90
4480.73
4498.06
4501.28
4503.80
4508.96
4512.81
4515.94
4519.54
4512.81
4508.96
4503.80
4501.28
4498.06
4485.35
4485.35
4485.35
4485.35
4480.73
4470.90
4470.90
4470.90
4470.90
4470.90
4470.90
4470.90
4480.73
4485.35
4485.35
4485.35
4485.35
4485.35
4485.35
4485.35
4498.06
4503.80
4498.06
4485.35
4480.73
4470.90
4467.03
4462.16
4467.03
4480.73
4480.73
4462.16
4461.16
4435.77
4419.60
4405.94
4392.13
4392.13
4392.13
4392.13
4392.13
4353.19
4303.11
4280.87
4277.81
4253.02
4245.34
4241.44
4241.44
4253.02
4277.81
4280.87
4303.11
4353.19
4392.13
4402.37
4405.94
4405.94
4402.37
4392.13
4353.19
4311.51
4303.11
4280.87
4277.81
4253.02
4253.02
4253.02
4253.02
4253.02
4227.17
4221.33
4213.78
4201.80
4201.80
4201.80
4201.80
4162.00
4161.19
4161.19
4161.19
4161.19
4161.19
4161.19
4162.00
4201.80
4201.80
4201.80
4201.80
4201.80
4201.80
4201.80
4201.80
4211.20
4311.51
4407.07
4407.07
4407.07
4407.07
4407.07
4407.07
4407.07
4407.07
4407.07
4407.07
4407.07
4400.84
4397.14
4389.77
4389.77
4389.77
4389.77
4389.77
4389.77
4389.77
4389.77
4389.77
4389.77
4389.77
4389.77
4389.77
4389.77
4397.14
4400.84
4407.07
4412.40
4412.40
4412.40
4412.40
4412.40
4412.40
4412.40
4400.84
4397.14
4389.77
4360.90
4317.30
4308.30
4308.30
4308.30
4308.30
4308.30
4308.30
4308.30
4308.30
4308.30
4308.30
4306.05
4294.98
4269.76
4268.16
4268.16
4268.16
4268.16
4268.16
4268.16
4268.16
4268.16
4294.98
4294.98
4294.98
4294.98
4294.98
4294.98
4294.98
4294.98
4294.98
4294.98
4268.16
4174.17
4124.16
4065.88
3878.58
3838.69
3778.55
3772.87
3716.27
3626.68
3621.79
3626.68
3716.27
3716.27
3716.27
3716.27
3716.27
3716.57
3716.57
3716.57
3716.57
3716.57
3716.57
3716.57
3716.57
3716.57
3716.57
3716.57
3716.57
3716.57
3716.57
3716.57
3716.57
3716.57
3626.68
3626.29
3625.77
3621.79
3621.79
3621.79
3621.79
3621.79
3621.79
3621.79
3625.77
3626.29
3626.68
3716.57
3744.26
3747.27
3814.78
3814.78
3814.78
3814.78
3814.78
3814.78
3814.78
3814.78
3814.78
3814.78
3825.45
3877.74
3904.83
3981.54
3987.87
4050.60
4064.99
4108.56
4118.42
4118.42
4118.42
4118.42
4118.42
4118.42
4118.42
4118.42
4118.42
4118.42
4162.74
4174.57
4179.30
4210.46
4254.35
4254.35
4254.35
4254.35
4254.35
4254.35
4254.35
4254.35
4210.46
4210.46
4210.46
4210.46
4254.35
4267.99
4309.26
4317.81
4317.81
4317.81
4317.81
4317.81
4317.81
4317.81
4317.81
4317.81
4317.81
4317.81
4317.81
4317.81
4317.81
4317.81
4309.26
4267.99
4254.35
4254.35
4254.35
4254.35
4254.35
4254.35
4254.35
4254.35
4198.21
4181.60
4169.20
4055.44
4053.74
4006.08
3965.83
3956.06
3900.66
3882.49
3865.31
3864.54
3864.54
3864.54
3864.54
3844.80
3830.01
3823.47
3798.37
3798.37
3798.37
3798.37
3798.37
3798.37
3798.37
3798.37
3798.37
3798.37
3798.37
3798.37
3823.47
3859.86
3864.54
3895.50
3900.66
3930.03
3934.49
3934.49
3934.49
3934.49
3934.49
3934.49
3934.49
3934.49
3934.49
3934.49
3934.49
3934.49
3934.49
3934.49
3934.49
3961.50
4062.35
4067.34
4112.83
4174.31
4226.81
4229.03
4235.32
4292.56
4311.33
4331.39
4331.39
4331.39
4331.39
4331.39
4331.39
4331.39
4331.39
4331.39
4331.39
4331.39
4331.39
4331.39
4331.39
4378.15
4397.67
4397.67
4397.67
4397.67
4392.22
4378.15
4291.48
4258.75
4258.75
4258.75
4258.75
4291.48
4291.48
4291.48
4291.48
4297.94
4345.93
4392.22
4392.22
4345.93
4297.94
4296.49
4291.48
4281.98
4258.75
4255.08
4244.98
4229.25
4227.10
4221.58
4214.93
4206.30
4206.30
4206.30
4206.30
4206.30
4206.30
4206.30
4221.58
4227.10
4227.10
4227.10
4227.10
4227.10
4221.58
4203.94
4202.73
4188.70
4154.43
4125.09
4125.09
4125.09
4125.09
4125.09
4154.43
4154.91
4164.85
4177.95
4188.70
4188.70
4188.70
4188.70
4188.70
4188.70
4188.70
4177.95
4164.85
4154.91
4154.43
4148.60
4148.60
4154.43
4154.91
4164.85
4173.27
4173.27
4173.27
4173.27
4173.27
4177.95
4188.70
4195.04
4204.61
4204.61
4204.61
4204.61
4204.61
4204.61
4204.61
4204.61
4204.61
4210.94
4210.94
4213.20
4217.48
4230.49
4231.87
4261.69
4267.94
4296.91
4322.26
4339.10
4343.86
4367.24
4384.04
4439.64
4384.04
4367.24
4366.17
4339.10
4322.26
4296.91
4267.94
4261.69
4231.87
4231.87
4231.87
4231.87
4231.87
4231.87
4231.87
4231.87
4231.87
4231.87
4231.87
4231.87
4231.87
4231.87
4231.87
4231.87
4231.87
4194.45
4185.76
4185.76
4154.74
4146.13
4134.85
4119.98
4076.04
4060.11
4056.65
4044.77
4028.72
4026.41
4026.41
4026.41
4026.41
4026.41
4026.41
4026.41
4026.41
4026.41
4026.41
4026.41
4026.41
4026.41
4026.41
4026.41
4026.41
4026.41
4028.72
4053.79
4056.65
4060.11
4076.04
4102.24
4119.98
4134.85
4146.13
4154.74
4174.75
4190.72
4278.47
4306.75
4306.75
4306.75
4306.75
4306.75
4306.75
4306.75
4306.75
4306.75
4306.75
4306.75
4306.75
4306.75
4306.75
4306.75
4307.42
4307.42
4307.42
4307.42
4307.42
4307.42
4307.42
4307.42
4325.12
4350.08
4350.08
4327.65
4325.12
4307.42
4306.75
4290.23
4285.56
4261.13
4258.63
4245.44
4242.79
4232.00
4232.00
4232.00
4232.00
4232.00
4232.00
4232.00
4232.00
4232.00
4230.53
4228.88
4225.15
4223.41
4223.41
4223.41
4223.41
4223.41
4225.15
4228.88
4232.00
4242.79
4245.44
4258.63
4261.13
4281.67
4285.56
4290.23
4290.23
4290.23
4285.56
4281.67
4252.30
4252.30
4252.30
4252.30
4252.30
4280.49
4281.67
4281.67
4281.67
4280.49
4281.67
4295.30
4303.60
4304.04
4304.24
4339.01
4389.33
4434.27
4501.33
4507.51
4549.10
4563.96
4656.50
4656.50
4656.50
4656.50
4615.89
4615.89
4615.89
4649.45
4656.50
4658.79
4682.44
4682.44
4682.44
4658.79
4649.45
4615.89
4563.96
4543.45
4534.50
4523.31
4501.33
4501.33
4501.33
4501.33
4523.31
4534.50
4543.45
4563.96
4563.96
4563.96
4563.96
4563.96
4563.96
4563.96
4563.96
4563.96
4563.96
4563.96
4563.96
4563.96
4563.96
4543.45
4543.45
4543.45
4543.45
4543.45
4543.45
4543.45
4534.50
4523.31
4501.85
4438.99
4430.62
4332.67
4229.34
4210.37
4210.04
4111.24
4111.24
4111.24
4111.24
4111.24
4111.24
4111.24
4179.16
4179.16
4179.16
4179.16
4179.16
4186.14
4186.14
4186.14
4186.14
4186.14
4179.16
4163.03
4149.06
4134.98
4134.98
4134.98
4134.98
4149.06
4163.03
4179.16
4186.14
4189.40
4210.37
4210.83
4253.09
4258.10
4258.10
4258.10
4258.10
4253.09
4224.25
4210.83
4210.37
4189.40
4186.14
4179.16
4163.03
4163.03
4179.16
4186.14
4189.40
4210.83
4224.25
4253.09
4258.10
4258.10
4258.10
4258.10
4283.70
4296.44
4341.17
4390.55
4396.56
4396.79
4430.79
4440.84
4440.99
4489.48
4512.86
4586.98
4586.98
4586.98
4586.98
4586.98
4586.98
4586.98
4586.98
4569.94
4531.93
4531.93
4531.93
4531.93
4569.94
4586.98
4597.37
4605.43
4616.58
4648.54
4723.65
4732.00
4785.72
4796.31
4871.48
4871.48
4871.48
4871.48
4871.48
4871.48
4871.48
4871.48
4871.48
4814.28
4796.31
4785.72
4723.65
4648.54
4616.58
4605.43
4597.37
4586.98
4569.94
4531.93
4499.54
4474.81
4444.99
4388.31
4309.21
4288.95
4240.85
4235.66
4179.67
4179.67
4179.67
4179.67
4179.67
4179.67
4179.67
4179.67
4179.67
4054.22
3957.80
3929.36
3907.21
3904.23
3901.18
3872.27
3865.30
3851.52
3839.02
3828.49
3796.54
3796.54
3796.54
3796.54
3796.54
3796.54
3796.54
3796.54
3796.54
3796.54
3796.54
3796.54
3796.54
3796.54
3796.54
3724.14
3724.14
3724.14
3724.14
3724.14
3724.14
3724.14
3796.54
3828.49
3901.18
3905.53
4029.44
4058.37
4058.37
4058.37
4058.37
4058.37
4029.44
3905.53
3901.18
3898.37
3898.37
3898.37
3898.37
3898.37
3898.37
3905.53
3927.29
3927.29
3927.29
3927.29
3927.29
3927.29
3927.29
3927.29
3927.29
3927.29
3927.29
3898.37
3898.37
3898.37
3898.37
3898.37
3898.37
3898.37
3846.93
3770.66
3756.70
3756.70
3756.70
3756.70
3770.66
3783.92
3846.93
3846.93
3846.93
3846.93
3846.93
3783.92
3770.66
3756.70
3724.93
3724.05
3722.59
3721.13
3721.13
3721.13
3722.59
3724.05
3756.70
3783.92
3783.92
3783.92
3783.92
3756.70
3722.59
3721.13
3688.70
3667.99
3627.99
3627.99
3627.99
3667.99
3688.70
3704.48
3722.59
3756.70
3783.17
3783.17
3783.92
3783.92
3783.92
3783.92
3783.92
3783.92
3783.92
3795.95
3799.05
3823.41
3827.21
3827.21
3827.21
3827.21
3827.21
3827.21
3844.55
3851.63
3895.76
3999.63
4074.99
4130.13
4151.63
4156.30
4156.30
4156.30
4156.30
4156.30
4151.63
4130.13
4074.99
3999.63
3895.76
3851.63
3844.55
3827.21
3827.21
3827.21
3827.21
3827.21
3827.21
3827.21
3844.55
3851.63
3895.76
3906.26
3999.63
4030.40
4062.78
4071.73
4074.99
4082.78
4097.02
4103.80
4117.72
4117.72
4117.72
4117.72
4117.72
4117.72
4117.72
4117.72
4117.72
4117.72
4103.80
4097.02
4092.43
4092.43
4092.43
4088.97
4082.78
4071.73
4069.38
4062.78
4059.88
4059.88
4059.88
4059.88
4059.88
4059.88
4059.88
4059.88
4059.88
4059.88
4059.88
4059.88
4059.88
4059.88
4059.88
4059.88
4059.88
4059.88
4059.88
4059.88
4059.88
3965.41
3582.21
3567.86
3552.03
3552.03
3552.03
3552.03
3552.03
3552.03
3552.03
3552.03
3552.03
3552.03
3552.03
3552.03
3552.03
3552.03
3552.03
3552.03
3552.03
3552.03
3552.03
3552.03
3552.03
3552.03
3552.03
3552.03
3567.86
3582.21
3832.52
4060.92
4267.35
4268.80
4273.78
4276.15
4276.15
4276.15
4276.15
4276.15
4276.15
4276.15
4276.15
4276.91
4283.26
4287.11
4292.03
4307.49
4318.37
4336.39
4337.36
4362.71
4414.49
4414.49
4414.49
4414.49
4414.49
4414.49
4414.49
4362.71
4337.36
4336.39
4307.49
4292.03
4287.11
4283.26
4276.91
4276.15
4273.78
4268.80
4267.35
4263.06
4259.63
4258.54
4254.27
4250.49
4246.36
4241.72
4240.95
4237.68
4237.68
4237.68
4237.68
4237.68
4237.68
4237.68
4237.68
4237.68
4238.23
4238.23
4238.23
4238.23
4246.36
4246.36
4246.36
4246.36
4246.36
4246.36
4246.36
4246.36
4246.36
4246.36
4246.36
4246.36
4246.36
4250.49
4301.19
4303.82
4308.22
4311.34
4328.81
4354.88
4359.14
4378.78
4386.75
4386.75
4386.75
4386.75
4386.75
4386.75
4386.75
4386.75
4386.75
4386.75
4386.75
4386.75
4386.75
4386.75
4386.75
4386.75
4386.75
4386.75
4386.75
4386.75
4359.14
4354.88
4342.01
4328.81
4311.34
4303.82
4301.19
4301.19
4253.91
4211.44
4134.31
4000.73
3789.17
3711.68
3687.21
3664.53
3619.18
3617.68
3605.32
3591.92
3588.95
3537.83
3535.47
3519.17
3502.42
3471.95
3466.43
3457.85
3451.41
3424.85
3353.42
3341.64
3338.04
3335.84
3280.80
3245.08
3205.86
3185.20
3119.88
3089.67
3114.60
3119.88
3185.20
3205.86
3245.08
3280.80
3335.84
3338.04
3341.64
3353.42
3424.85
3451.41
3457.85
3466.43
3471.95
3502.42
3502.42
3502.42
3502.42
3502.42
3502.42
3519.17
3535.47
3588.95
3605.32
3617.68
3656.38
3656.59
3698.61
3698.61
3698.61
3698.61
3698.61
3698.61
3698.61
3698.61
3698.61
3698.61
3698.61
3698.61
3698.61
3698.61
3698.61
3698.61
3698.61
3698.61
3698.61
3698.61
3698.61
3698.61
3698.61
3698.61
3670.83
3656.59
3656.38
3588.15
3559.27
3522.96
3522.96
3522.96
3522.96
3522.96
3522.96
3522.96
3522.96
3522.96
3522.96
3522.96
3522.96
3522.96
3464.98
3420.68
3399.23
3379.25
3337.07
3337.07
3337.07
3337.07
3337.07
3337.07
3337.07
3337.07
3337.07
3337.07
3337.07
3363.98
3379.25
3399.23
3451.87
3464.98
3517.96
3534.44
3534.88
3539.77
3556.94
3561.67
3562.80
3616.99
3662.97
3712.69
3712.69
3712.69
3712.69
3712.69
3712.69
3712.69
3712.69
3712.69
3712.69
3712.69
3662.97
3616.99
3562.80
3562.42
3556.94
3539.77
3534.88
3534.44
3517.96
3464.98
3451.87
3379.25
3363.98
3363.98
3451.87
3517.96
3534.44
3534.88
3539.77
3562.42
3562.80
3616.99
3712.69
3791.45
3886.22
3886.22
3886.22
3886.22
3886.22
3886.22
3886.22
3886.22
3886.22
3886.22
3886.22
3886.22
3886.22
3886.22
3886.22
4144.43
4343.08
4343.08
4343.08
4343.08
4343.08
4347.12
4347.13
4350.72
4352.15
4353.25
4388.23
4405.19
4437.92
4437.92
4437.92
4437.92
4437.92
4437.92
4437.92
4437.92
4437.92
4439.89
4452.09
4478.28
4479.54
4496.55
4496.55
4479.54
4478.28
4452.09
4441.90
4439.89
4437.92
4406.61
4405.19
4392.36
4388.23
4366.19
4360.48
4357.36
4353.25
4352.15
4350.72
4349.34
4349.34
4347.13
4347.13
4344.70
4320.56
4311.24
4266.66
4255.69
4233.18
4225.07
4225.07
4233.18
4233.18
4233.18
4233.18
4233.18
4205.61
4200.62
4185.55
4007.97
3810.87
3810.87
3810.87
3810.87
3810.87
3810.87
3810.87
3810.87
3810.87
3773.73
3746.07
3712.52
3693.88
3681.79
3482.63
3245.78
3209.61
3209.61
3209.61
3209.61
3209.61
3245.78
3315.22
3315.22
3315.22
3315.22
3315.22
3315.22
3404.02
3422.99
3472.91
3482.63
3543.33
3552.14
3634.75
3639.49
3693.88
3712.52
3743.34
3746.07
3773.73
3810.87
3810.87
3810.87
3810.87
3810.87
3810.87
3810.87
3823.60
3896.79
3896.79
3896.79
3860.43
3823.60
3761.17
3743.34
3646.99
3639.56
3639.49
3634.75
3634.75
3634.75
3634.75
3634.75
3634.75
3634.75
3634.75
3634.75
3634.75
3634.75
3621.90
3615.55
3615.55
3615.55
3615.55
3615.55
3615.55
3615.55
3615.55
3615.55
3621.90
3621.90
3621.90
3621.90
3621.90
3621.90
3621.90
3621.90
3621.90
3621.90
3621.90
3621.90
3621.90
3621.90
3621.90
3621.90
3621.90
3621.90
3621.90
3621.90
3621.90
3621.90
3621.90
3621.90
3639.56
3639.56
3639.56
3639.56
3626.69
3626.69
3626.69
3626.69
3626.69
3626.69
3626.69
3626.69
3626.69
3647.72
3661.89
3683.19
3697.32
3758.69
3770.76
3874.21
3929.72
3954.99
4085.51
4091.72
4122.22
4257.14
4271.30
4282.57
4330.88
4344.39
4346.56
4359.42
4359.42
4359.42
4359.42
4359.42
4359.42
4359.42
4346.56
4344.39
4330.88
4282.57
4257.14
4178.66
4091.72
4085.51
4062.44
4029.44
4062.44
4085.51
4178.66
4221.90
4282.57
4283.37
4283.37
4283.37
4283.37
4283.37
4283.37
4283.37
4283.37
4283.37
4328.42
4369.30
4396.90
4421.47
4464.68
4486.40
4492.59
4492.59
4486.40
4421.47
4396.90
4386.94
4369.30
4328.42
4283.37
4221.90
4178.66
4174.51
4172.62
4138.76
4125.44
4091.59
4062.44
4049.96
4044.74
4029.44
4007.50
4007.45
3995.53
3994.44
3994.44
4007.45
4007.50
4029.44
4044.74
4049.96
4091.59
4091.59
4049.96
4044.74
4007.50
4007.45
3994.44
3871.13
3821.93
3707.76
3686.52
3593.90
3522.85
3484.72
3456.93
3430.73
3398.08
3322.48
3322.15
3192.41
3183.00
3020.90
3014.29
3013.93
3000.53
2994.03
2978.30
2944.22
2938.76
2907.27
2775.53
2718.81
2552.51
2468.60
2427.49
2387.61
2385.92
2385.92
2385.92
2384.24
2384.24
2384.24
2384.24
2384.24
2384.24
2384.24
2383.16
2382.98
2382.84
2382.51
2380.16
2378.79
2363.81
2361.30
2351.39
2349.61
2321.47
2320.20
2316.48
2294.42
2290.80
2289.92
2279.00
2273.74
2273.74
2273.74
2289.92
2290.80
2294.42
2294.42
2294.42
2294.42
2294.42
2310.18
2310.18
2316.48
2320.25
2321.47
2326.00
2328.51
2332.11
2332.11
2332.11
2332.11
2332.11
2332.11
2332.11
2332.11
2332.11
2328.51
2326.00
2320.25
2316.48
2310.18
2294.42
2294.42
2294.42
2294.42
2310.18
2320.25
2326.00
2328.51
2332.11
2340.59
2350.63
2353.45
2471.62
2479.13
2919.22
3113.49
3159.45
3270.04
3486.56
3761.11
3854.05
4144.44
4227.37
4271.15
4276.31
4294.52
4294.95
4294.95
4296.93
4302.24
4306.25
4306.25
4306.25
4306.25
4306.25
4306.25
4302.24
4298.33
4296.93
4296.93
4296.93
4296.93
4296.93
4296.93
4296.93
4296.93
4296.93
4298.33
4298.33
4298.33
4298.33
4298.33
4298.33
4296.93
4294.95
4294.52
4290.96
4290.88
4271.15
4228.81
4222.31
4222.31
4222.31
4222.31
4222.31
4222.31
4222.31
4222.31
4222.31
4222.31
4222.31
4222.31
4222.31
4222.31
4222.31
4222.31
4222.31
4222.31
4222.31
4222.31
4222.31
4212.85
4200.65
4193.73
4193.73
4193.73
4193.73
4193.73
4193.73
4193.73
4193.73
4190.04
4159.35
4159.35
4190.04
4200.65
4225.15
4225.15
4203.13
4203.13
4225.15
4228.99
4229.00
4257.82
4258.75
4258.79
4269.50
4275.13
4279.59
4283.57
4296.48
4298.83
4296.48
4283.57
4279.59
4278.37
4279.59
4291.88
4293.49
4293.49
4293.49
4293.49
4293.49
4293.49
4293.49
4293.49
4293.49
4293.49
4291.88
4278.37
4278.37
4278.37
4278.37
4278.37
4278.37
4291.88
4293.49
4296.48
4298.14
4301.02
4307.11
4308.75
4310.05
4310.05
4310.05
4308.75
4308.75
4308.75
4308.75
4308.75
4308.75
4308.75
4307.11
4301.02
4298.14
4293.49
4291.88
4278.37
4271.18
4265.48
4249.91
4249.02
4243.22
4221.17
4210.59
4182.84
4172.09
4164.88
4164.40
4091.61
4084.79
4060.49
4053.05
4053.05
4053.05
4046.18
4027.18
4017.87
3927.48
3836.72
3832.26
3822.74
3822.74
3822.74
3822.74
3822.74
3822.74
3822.74
3822.74
3822.74
3822.74
3822.74
3822.74
3822.74
3822.74
3822.74
3808.12
3765.96
3727.79
3691.39
3589.17
3585.16
3585.16
3585.16
3585.16
3585.16
3585.16
3585.16
3585.16
3585.16
3589.17
3600.83
3600.72
3589.17
3585.16
3584.45
3579.42
3579.42
3579.42
3579.42
3579.42
3579.42
3579.42
3579.42
3578.37
3577.48
3577.10
3576.96
3576.96
3576.96
3576.96
3576.96
3576.96
3575.55
3575.55
3575.55
3575.55
3575.55
3575.55
3575.55
3575.55
3575.55
3575.55
3575.55
3575.55
3575.55
3575.55
3575.55
3575.55
3575.55
3575.55
3575.55
3575.55
3575.55
3575.55
3575.55
3575.55
3575.55
3575.55
3575.55
3575.55
3575.55
3575.55
3575.55
3575.55
3575.55
3575.55
3575.55
3575.55
3575.55
3575.55
3575.55
3575.55
3575.55
3575.55
3575.55
3575.55
3575.55
3575.55
3575.55
3575.55
3575.55
3575.55
3575.55
3575.55
3575.55
3575.55
3575.55
3575.55
n1=7724
d1=0.5
o1=0
label1="z"
unit1="ft"
data_format=ascii_float
esize=4
in=vp.asc

